4.158202
4.156411
4.157540
4.156213
4.156183
4.155989
4.155627
4.152195
4.152013
4.137475
4.152132
4.146353
4.134246
4.126599
4.136449
4.137350
4.140517
4.121483
4.130776
4.106482
4.094960
4.103270
4.063649
4.046676
4.022557
4.044685
4.101004
4.066707
4.040988
4.057295
4.037894
4.011158
4.027334
4.052527
4.014682
4.041681
3.972543
3.994507
3.964872
3.894279
3.913551
3.933170
3.933847
3.919608
3.934622
3.866174
3.921323
3.877148
3.779703
3.892480
3.871005
3.913695
3.847286
3.856784
3.858502
3.782416
3.790483
3.789469
3.697652
3.757496
3.842977
3.714703
3.730213
3.661712
3.646029
3.766125
3.743470
3.626940
3.674311
3.733259
3.583723
3.697484
3.797639
3.631365
3.648657
3.700448
3.768490
3.653117
3.606337
3.739845
3.716581
3.594758
3.586560
3.617193
3.608280
3.592066
3.606576
3.612811
3.610835
3.579978
3.566883
3.643393
3.469045
3.634204
3.510494
3.501293
3.596135
3.550966
3.462750
3.573350
3.465797
3.524904
3.567427
3.465502
3.519832
3.458682
3.462999
3.452962
3.459859
3.474754
3.370521
3.585532
3.454341
3.536935
3.481498
3.345499
3.553929
3.672354
3.651950
3.577822
3.450324
3.533016
3.458209
3.413582
3.434177
3.520002
3.417533
3.271373
3.509476
3.456491
3.446522
3.402423
3.374438
3.359946
3.349946
3.453787
3.289715
3.534588
3.621133
3.521675
3.548833
3.504319
3.545858
3.442008
3.434989
3.390179
3.468850
3.336304
3.394058
3.454607
3.352140
3.421270
3.425102
3.331925
3.396823
3.463962
3.426717
3.473855
3.338537
3.346677
3.417024
3.337593
3.403793
3.509854
3.424315
3.379509
3.360182
3.450464
3.384696
3.337437
3.392260
3.402749
3.442398
3.521606
3.483145
3.366127
3.443087
3.345362
3.384633
3.431847
3.399926
3.382598
3.446130
3.419887
3.336486
3.360689
3.283868
3.303473
3.650356
3.312442
3.513995
3.396878
3.276634
3.463774
3.375132
3.428378
3.328103
3.370903
3.528476
3.212848
3.388168
3.475958
3.367896
3.462371
3.445699
3.348923
3.374120
3.470221
3.276527
3.393017
3.489990
3.317813
3.344023
3.374758
3.521773
3.367573
3.301783
3.526858
3.334914
3.396240
3.486970
3.352679
3.405186
3.493670
3.226540
3.400579
3.399286
3.412905
3.381342
3.306762
3.350369
3.398350
3.284730
3.304117
3.346285
3.433646
3.341215
3.393771
3.348592
3.381260
3.304895
3.251850
3.476659
3.373178
3.303197
3.322581
3.449084
3.270690
3.340905
3.438429
3.373620
3.476518
3.407861
3.391301
3.341495
3.377625
3.325164
3.491821
3.377174
3.307703
3.229810
3.369428
3.529204
3.398729
3.322231
3.317892
3.348251
3.354411
3.341767
3.258035
3.357387
3.278501
3.385910
3.285236
3.355237
3.262201
3.206175
3.308915
3.300246
3.269650
3.188538
3.368116
3.313416
3.223186
3.288572
3.161883
3.308694
3.249852
3.382381
3.405403
3.308305
3.377122
3.403489
3.210920
3.269599
3.549944
3.294839
3.291306
3.317250
3.260855
3.316972
3.333178
3.318862
3.341803
3.177431
3.453596
3.258314
3.154745
3.259837
3.194165
3.429233
3.201084
3.247601
3.265862
3.280256
3.279988
3.320088
3.313717
3.300635
3.389984
3.209325
3.214331
3.234200
3.279000
3.266095
3.353455
3.289185
3.293680
3.398389
3.195693
3.247641
3.142919
3.256287
3.309437
3.275941
3.330862
3.173768
3.273675
3.282345
3.274963
3.301688
3.254269
3.244305
3.380343
3.271154
3.185003
3.252710
3.309324
3.253712
3.265608
3.382619
3.218383
3.358102
3.320987
3.144453
3.306887
3.205326
3.395601
3.264673
3.214224
3.318327
3.134364
3.173862
3.329626
3.298246
3.248482
3.269128
3.248842
3.294590
3.162431
3.324844
3.280556
3.235734
3.407595
3.169770
3.228482
3.340620
3.288646
3.211650
3.176233
3.481644
3.139633
3.162858
3.220860
3.077268
3.156988
3.224390
3.095582
3.217381
3.171843
3.323639
3.270528
3.161418
3.172106
3.215257
3.209883
3.221877
3.166303
3.239644
3.145212
3.210257
3.195062
3.275430
3.144656
3.101867
3.200848
3.143352
3.300301
3.152380
3.287447
3.372296
3.340900
3.250619
3.196730
3.221453
3.251704
3.244174
3.484458
3.270715
3.251812
3.322236
3.272284
3.092138
3.162775
3.253518
3.242830
3.308347
3.374604
3.193305
3.114836
3.109976
2.987853
3.005034
3.164088
3.123468
3.120955
3.204205
3.254286
3.115841
3.089902
3.057205
3.052528
3.047278
3.118541
3.142424
3.166955
3.197129
3.210342
3.188906
3.233144
3.151088
3.306383
3.058562
3.221631
3.129658
3.026700
3.069429
3.083720
3.265316
3.152098
3.313577
3.184316
3.204269
3.077868
3.121866
2.908642
3.026345
3.186499
3.106015
3.070764
3.172962
2.972731
3.044411
3.020009
3.024340
2.957450
3.097113
2.876734
3.004179
3.024564
2.905467
2.871483
2.871464
2.933358
3.102615
2.994332
2.924256
2.945998
2.877106
2.900697
2.852432
2.786885
2.979123
3.157739
2.886091
2.831975
2.969306
2.987105
2.934240
3.0561702.885328
2.875976
2.857390
2.801497
2.907959
3.036134
3.113482
2.897699
2.979498
2.872272
2.898177
2.918236
2.852623
2.930207
2.820337
2.842178
2.862196
2.866503
2.896435
2.889353
2.932818
2.867147
2.938252
2.888010
2.949748
2.909053
2.799156
3.087905
3.132640
2.764030
2.802943
2.767182
2.876016
2.894667
2.793082
2.931046
2.842836
2.769025
2.770103
2.898699
2.798069
2.545113
2.724356
2.917122
2.817432
2.982154
2.822350
2.929906
2.724205
2.812528
2.662173
2.748042
2.713643
2.723301
2.703349
2.738918
2.721006
2.916905
2.749788
2.896987
2.817807
2.613323
2.767927
2.726491
2.854421
2.743562
2.657218
2.632126
2.814598
2.838014
2.907745
2.682000
2.786849
2.676362
2.863084
2.893470
2.775195
2.951396
2.800046
2.725213
2.691795
2.782065
2.871806
2.631249
2.633165
2.772038
2.777297
2.627540
2.702539
2.675897
2.656938
2.862018
2.941741
2.787799
2.749542
2.851435
2.751816
2.846613
2.761758
2.848861
3.052788
2.557538
2.855967
2.821929
2.662515
2.883007
2.810192
2.874369
2.801994
2.662785
2.625767
2.789788
2.712035
2.701489
2.560442
2.679409
2.772984
2.746946
2.697663
2.925253
2.713069
2.712172
2.765719
2.624235
2.844570
2.764949
2.774205
2.699234
2.960151
2.899794
2.710343
2.739496
2.810220
2.599513
2.720620
2.867161
2.646365
2.753251
2.727525
2.715076
2.660612
2.696417
2.581872
2.658823
2.777334
2.722899
2.742637
2.610248
2.739630
2.843132
2.757427
2.740177
2.726055
2.705230
2.830031
2.750354
2.627341
2.766653
2.723536
2.713846
2.807298
2.780066
2.748593
2.835521
2.621655
2.667659
2.794628
2.853519
2.721746
2.662360
2.868295
2.706741
2.767871
2.599546
2.779904
2.667719
2.764071
2.593251
2.540984
2.768150
2.843578
2.661501
2.619251
2.572376
2.737223
2.670870
2.759619
2.758229
2.890462
2.933218
2.643478
2.791437
2.694990
2.706633
2.659049
2.638484
2.581181
2.771447
2.758883
2.787520
2.681577
2.569829
2.743286
2.762957
2.606847
2.698152
2.615310
2.709009
2.782315
2.614423
2.732215
2.709745
2.764915
2.876212
2.783957
2.654574
2.748606
2.736173
2.795503
2.522427
2.712345
2.805961
2.715044
2.700454
2.715687
2.724326
2.832435
2.616702
2.570681
2.720814
2.621159
2.776309
2.621297
2.845698
2.704155
2.572409
2.728575
2.558265
2.840354
2.807936
2.762019
2.723136
2.520725
2.710380
2.757393
2.651861
2.524982
2.672104
2.729444
2.730402
2.710646
2.589493
2.590488
2.688110
2.697177
2.529462
2.719089
2.456405
2.624011
2.605884
2.749396
2.436960
2.573429
2.644312
2.777128
2.697603
2.783177
2.929721
2.677440
2.698275
2.696561
2.686546
2.514961
2.732416
2.760862
2.880424
2.689229
2.785486
2.751908
2.609498
2.776238
2.478902
2.750393
2.763544
2.852542
2.745865
2.767523
2.556355
2.739197
2.616560
2.454108
2.691581
2.671534
2.705010
2.580358
2.697083
2.446977
2.730628
2.713894
2.830428
2.775575
2.661224
2.865979
2.566053
2.742597
2.620017
2.718727
2.695614
2.744967
2.692954
2.718822
2.632989
2.543138
2.641026
2.552914
2.677499
2.599032
2.637782
2.670673
2.471432
2.751996
2.806872
2.676708
2.698516
2.483486
2.665634
2.624284
2.622785
2.611109
2.626954
2.683297
2.721827
2.733730
2.680844
2.554123
2.791582
2.754720
2.778355
2.724359
2.596223
2.677462
2.524457
2.647239
2.589536
2.562592
2.727694
2.746226
2.755108
2.759517
2.731983
2.657743
2.586498
3.010993
2.849881
2.711728
2.641110
2.697321
2.608243
2.664061
2.640598
2.566048
2.582282
2.692503
2.715838
2.688094
2.689959
2.631887
2.681271
2.734176
2.883970
2.919921
2.584611
2.687168
2.711038
2.681668
2.671793
2.695928
2.748677
2.510854
2.701349
2.753088
2.632947
2.731336
2.748495
2.678359
2.529807
2.754251
2.717467
2.627784
2.628727
2.716974
2.565637
2.911776
2.623131
2.687926
2.713846
2.640738
2.670653
2.609236
2.574980
2.628373
2.693019
2.691700
2.531525
2.799784
2.567421
2.745217
2.737466
2.524915
2.603406
2.695181
2.658229
2.787070
2.640436
2.843173
2.522970
2.682983
2.544075
2.581987
2.769497
2.630156
2.639072
2.496332
2.744836
2.581917
2.769955
2.552837
2.721499
2.687425
2.623754
2.662537
2.808720
2.778777
2.693794
2.599560
2.729105
2.747936
2.749153
2.724087
2.788846
2.776603
2.580369
2.813454
2.857451
2.734540
2.741586
2.531572
2.567091
2.582693
2.824446
2.758859
2.678703
2.648592
2.514240
2.892299
2.626942
2.568070
2.686595
2.652814
2.717004
2.779846
2.698167
2.623640
2.706094
2.662535
2.683359
2.732956
2.704649
2.516000
2.660187
2.564974
2.769099
2.689139
2.799716
2.709081
2.648586
2.629210
2.860323
2.571711
2.645603
2.715120
2.633641
2.593122
2.724787
2.637064
2.594050
2.600388
2.715414
2.700410
2.615643
2.810110
2.733475
2.722830
2.658559
2.732240
2.675585
2.499216
2.612593
2.656723
2.608283
2.655965
2.742023
2.416662
2.419270
2.705120
2.518823
2.702974
2.609732
2.746435
2.565395
2.672094
2.653912
2.621958
2.580291
2.568788
2.642435
2.874640
2.700916
2.596027
2.688338
2.505603
2.573540
2.555572
2.644374
2.785456
2.753717
2.922714
2.866698
2.675643
2.871748
2.810877
2.571970
2.309158
2.453682
2.673604
2.873943
2.768683
2.802429
2.599767
2.581705
2.546237
2.799888
2.611061
2.597999
2.676097
2.777249
2.638781
2.748444
2.660094
2.741481
2.651020
2.619702
2.710300
2.661907
2.572538
2.671572
2.540238
2.883970
2.623835
2.585891
2.557535
2.563885
2.490224
2.634886
2.746248
2.710915
2.698101
2.683637
2.541976
2.753918
2.645377
2.621259
2.559654
2.643509
2.456520
2.598172
2.687126
2.562081
2.752400
2.597096
2.588004
2.662356
2.864505
2.536154
2.562444
2.747093
2.682343
2.641149
2.689496
2.786352
2.694189
2.666316
2.483685
2.667761
2.682639
2.645936
2.742803
2.527886
2.744095
2.599994
2.687495
2.571887
2.756593
2.586614
2.678598
2.643064
2.606191
2.735886
2.636827
2.551637
2.556991
2.702812
2.716544
2.687575
2.562900
2.602408
2.607644
2.635355
2.824061
2.602527
2.598813
2.661213
2.830786
2.575275
2.599732
2.585452
2.631732
2.664945
2.365756
2.642818
2.556306
2.480537
2.708588
2.553519
2.671310
2.649444
2.824721
2.732248
2.651329
2.592934
2.706379
2.560395
2.660646
2.560913
2.650643
2.649469
2.541528
2.704707
2.641061
2.486867
2.536696
2.760221
2.482046
2.770812
2.672920
2.470521
2.601747
2.487149
2.655269
2.606858
2.563022
2.510736
2.493850
2.556490
2.784775
2.597143
2.666839
2.669511
2.744843
2.688012
2.677767
2.671116
2.640113
2.544984
2.528793
2.627645
2.690323
2.854962
2.645385
2.739165
2.684281
2.706371
2.660554
2.755584
2.641500
2.710689
2.633674
2.542532
2.594680
2.743650
2.770072
2.696767
2.605517
2.481974
2.552528
2.493783
2.597640
2.514811
2.554150
2.623120
2.552149
2.590616
2.557974
2.745475
2.703525
2.611685
2.541679
2.560323
2.383389
2.576063
2.457177
2.702045
2.588737
2.571109
2.738384
2.547184
2.681361
2.728998
2.511072
2.702457
2.728946
2.613552
2.587056
2.624524
2.603179
2.724699
2.724132
2.609972
2.553310
2.649028
2.621232
2.614690
2.707078
2.603958
2.752090
2.468714
2.834433
2.657635
2.619839
2.630837
2.669335
2.727506
2.677012
2.681882
2.660133
2.558995
2.634501
2.794893
2.614848
2.802933
2.549537
2.462661
2.468459
2.740040
2.741524
2.603396
2.577028
2.658751
2.626725
2.541955
2.534060
2.530928
2.544453
2.615472
2.584976
2.662719
2.727696
2.618254
2.542266
2.590928
2.534713
2.535084
2.571559
2.674642
2.640057
2.637878
2.484715
2.727092
2.448614
2.776835
2.593706
2.562558
2.470319
2.494279
2.720803
2.611155
2.612679
2.546830
2.606834
2.513235
2.516664
2.597903
2.686329
2.415220
2.440615
2.718475
2.568410
2.660980
2.610655
2.635170
2.594756
2.477800
2.504706
2.427624
2.801890
2.731510
2.503772
2.670788
2.578853
2.609455
2.666609
2.693774
2.616100
2.561568
2.581671
2.616215
2.581741
2.594581
2.629574
2.638200
2.615842
2.641891
2.741338
2.469508
2.457437
2.558728
2.636660
2.481266
2.475890
2.524230
2.654470
2.789982
2.554531
2.444875
2.649144
2.562178
2.679836
2.637809
2.611865
2.504797
2.708714
2.562514
2.766860
2.562532
2.690715
2.664007
2.569411
2.620936
2.463474
2.496562
2.408613
2.604234
2.667501
2.592957
2.473685
2.669546
2.620184
2.695231
2.691646
2.643298
2.531909
2.746352
2.440277
2.508945
2.774446
2.522130
2.566944
2.813192
2.860318
2.384182
2.685058
2.553673
2.548869
2.571077
2.408052
2.580825
2.849988
2.728268
2.675964
2.683218
2.649413
2.460995
2.485403
2.604247
2.627173
2.682927
2.673698
2.578194
2.639210
2.542353
2.595337
2.684780
2.466816
2.675558
2.570997
2.555341
2.523876
2.622066
2.483491
2.537884
2.672774
2.543629
2.744244
2.688538
2.511808
2.619751
2.516728
2.558138
2.760814
2.720889
2.707173
2.750299
2.621611
2.464309
2.473328
2.719791
2.646312
2.602582
2.565161
2.533629
2.565999
2.474385
2.613159
2.574271
2.577540
2.710683
2.697638
2.685440
2.680518
2.497592
2.438916
2.599718
2.316961
2.468103
2.547953
2.677369
2.357992
2.396913
2.463600
2.583657
2.488743
2.619875
2.551427
2.581053
2.756020
2.587480
2.536857
2.504379
2.546711
2.554102
2.439507
2.496745
2.353268
2.422400
2.536558
2.516537
2.541774
2.527531
2.364465
2.503793
2.474641
2.673697
2.660700
2.673593
2.400210
2.527351
2.513340
2.715542
2.719886
2.445079
2.692229
2.451209
2.540828
2.673330
2.488123
2.424784
2.424103
2.650077
2.672866
2.671404
2.629799
2.632887
2.530686
2.356680
2.594347
2.630990
2.665732
2.492225
2.561237
2.664333
2.612735
2.751517
2.675595
2.545149
2.577362
2.654917
2.641196
2.486190
2.442154
2.642149
2.482443
2.547991
2.620969
2.632629
2.605547
2.617643
2.682502
2.795745
2.711596
2.631568
2.563063
2.642758
2.916673
2.607529
2.634076
2.649551
2.591462
2.378377
2.651152
2.651625
2.440773
2.648318
2.684638
2.527173
2.463096
2.520476
2.758850
2.685050
2.530717
2.699372
2.688612
2.559407
2.697963
2.572635
2.446840
2.424038
2.715998
2.588406
2.382645
2.643253
2.555516
2.587284
2.500157
2.462716
2.558826
2.582355
2.598660
2.592703
2.768886
2.651210
2.520317
2.748563
2.731256
2.554242
2.549366
2.542390
2.565209
2.637359
2.601436
2.716630
2.493367
2.381176
2.470904
2.654889
2.565945
2.561741
2.602227
2.545515
2.592372
2.591370
2.562428
2.502720
2.492029
2.649699
2.557838
2.496203
2.443657
2.537268
2.512364
2.471603
2.710091
2.475701
2.589616
2.718552
2.599281
2.537491
2.534149
2.596290
2.524501
2.452368
2.617763
2.405103
2.557555
2.544196
2.473809
2.397982
2.475086
2.416479
2.706307
2.633485
2.576033
2.598848
2.614692
2.597106
2.515086
2.718982
2.490927
2.645189
2.356865
2.599423
2.474476
2.618815
2.530897
2.605491
2.660430
2.489810
2.606100
2.714864
2.572952
2.603992
2.536955
2.506640
2.381297
2.620181
2.583787
2.461049
2.600453
2.681600
2.552598
2.595574
2.747526
2.534855
2.768458
2.658193
2.815908
2.448859
2.531729
2.401784
2.423625
2.558750
2.601792
2.542666
2.720017
2.721615
2.772831
2.650946
2.605709
2.569607
2.533695
2.772706
2.493738
2.513600
2.559260
2.597018
2.661705
2.470308
2.561224
2.646780
2.669139
2.521986
2.793578
2.595646
2.438576
2.728965
2.466798
2.489733
2.501234
2.710119
2.569731
2.610418
2.494449
2.486333
2.413754
2.622368
2.463665
2.518710
2.557808
2.453144
2.628795
2.404705
2.506544
2.600606
2.511155
2.657334
2.723236
2.433580
2.504566
2.755110
2.486794
2.598093
2.599388
2.575512
2.483553
2.545435
2.542832
2.543519
2.624142
2.600791
2.639023
2.641845
2.652765
2.450447
2.471440
2.485228
2.565135
2.586119
2.555236
2.553844
2.450254
2.506868
2.353262
2.598341
2.454296
2.361061
2.688907
2.481994
2.406518
2.607625
2.670190
2.594394
2.651802
2.833715
2.671335
2.633225
2.535205
2.411062
2.487114
2.486994
2.567202
2.505773
2.717010
2.511837
2.672245
2.594941
2.610216
2.549737
2.534890
2.642848
2.647290
2.426929
2.640127
2.446138
2.424224
2.537994
2.610160
2.695576
2.486533
2.534401
2.584234
2.499866
2.416595
2.642486
2.426432
2.566978
2.536452
2.609771
2.802295
2.553564
2.559001
2.419079
2.713946
2.435226
2.555465
2.521063
2.557771
2.385724
2.464274
2.478701
2.447614
2.482790
2.639020
2.624299
2.517688
2.506397
2.504363
2.393775
2.572799
2.435888
2.551413
2.314597
2.547426
2.604407
2.687484
2.531439
2.438319
2.456979
2.625062
2.474394
2.623558
2.649611
2.596366
2.354623
2.389783
2.687672
2.494374
2.598769
2.525526
2.510131
2.463167
2.605816
2.457600
2.523137
2.515197
2.723347
2.569431
2.645626
2.620129
2.543267
2.452605
2.570852
2.452069
2.494533
2.496443
2.655617
2.617296
2.730514
2.593051
2.715658
2.522269
2.493819
2.428238
2.501636
2.419641
2.551986
2.501138
2.502837
2.482267
2.448400
2.402405
2.490062
2.401366
2.665999
2.716629
2.501762
2.345731
2.589172
2.475181
2.512919
2.594179
2.486878
2.606476
2.615788
2.611091
2.491834
2.624665
2.464134
2.618131
2.665504
2.607816
2.454115
2.670684
2.510130
2.369879
2.401481
2.448025
2.637029
2.719605
2.622459
2.642018
2.514797
2.394042
2.420315
2.748774
2.682732
2.620924
2.396665
2.452700
2.563210
2.408891
2.744163
2.571316
2.384263
2.560116
2.494834
2.425203
2.460956
2.470918
2.616045
2.453990
2.575310
2.548558
2.490054
2.549426
2.361401
2.650512
2.416273
2.448698
2.630052
2.398038
2.462314
2.503862
2.390020
2.673028
2.682139
2.584567
2.592263
2.518821
2.544381
2.510361
2.704369
2.392696
2.510975
2.451592
2.344334
2.477186
2.562420
2.467771
2.359264
2.502177
2.434553
2.638770
2.289541
2.719356
2.452038
2.428514
2.515868
2.393405
2.652852
2.562530
2.427039
2.558903
2.451536
2.501117
2.524353
2.496980
2.546405
2.476318
2.547650
2.374402
2.600474
2.531857
2.486135
2.509305
2.324295
2.481472
2.389105
2.511672
2.479018
2.480840
2.635328
2.459355
2.279360
2.366796
2.534795
2.538953
2.791186
2.601346
2.432093
2.508744
2.488142
2.347980
2.557462
2.487395
2.424031
2.439023
2.498545
2.576173
2.624121
2.602512
2.595960
2.612319
2.443634
2.637004
2.435196
2.378541
2.498703
2.533530
2.454323
2.546408
2.449557
2.497001
2.548180
2.515491
2.627223
2.592086
2.555940
2.541717
2.578221
2.603313
2.500362
2.563224
2.394584
2.549752
2.666455
2.529800
2.403670
2.429116
2.505530
2.423553
2.575969
2.538389
2.513827
2.425788
2.501800
2.438468
2.607737
2.525964
2.567810
2.466632
2.525115
2.428597
2.539549
2.460618
2.381411
2.468282
2.475198
2.552671
2.507337
2.507763
2.374963
2.369096
2.518067
2.552827
2.401791
2.286204
2.591221
2.539777
2.416869
2.559189
2.495535
2.491935
2.472275
2.582390
2.459680
2.451833
2.472962
2.664597
2.565090
2.479090
2.439364
2.558200
2.446362
2.427881
2.563904
2.346314
2.583849
2.507579
2.594128
2.448267
2.496764
2.357401
2.528947
2.233895
2.635064
2.479184
2.587572
2.335931
2.377702
2.311677
2.251431
2.511652
2.543552
2.513985
2.493438
2.464375
2.477832
2.640666
2.331220
2.550464
2.536609
2.538868
2.376169
2.494771
2.471918
2.601964
2.430513
2.430496
2.397310
2.507946
2.451152
2.558348
2.336244
2.497648
2.277927
2.545283
2.418474
2.411170
2.685187
2.602011
2.440117
2.364224
2.643048
2.427665
2.382393
2.418930
2.285739
2.388797
2.267487
2.367430
2.338242
2.441322
2.510669
2.483475
2.527028
2.503683
2.529883
2.557179
2.476198
2.500444
2.421834
2.196824
2.448418
2.336764
2.518451
2.219913
2.598788
2.355566
2.480189
2.445249
2.561999
2.535044
2.356453
2.461906
2.618818
2.642059
2.390372
2.300032
2.293421
2.640313
2.460255
2.500478
2.543802
2.467938
2.396467
2.635078
2.416771
2.323595
2.431986
2.495331
2.568548
2.646430
2.464725
2.438079
2.606324
2.526213
2.309920
2.536314
2.376465
2.459003
2.489235
2.609695
2.466660
2.382821
2.474178
2.631345
2.547050
2.413764
2.568692
2.310197
2.366945
2.424489
2.383158
2.636869
2.494253
2.474809
2.669892
2.370539
2.637285
2.372194
2.568285
2.297271
2.268626
2.441902
2.326466
2.187834
2.264980
2.424578
2.438982
2.574940
2.498327
2.481487
2.311863
2.552137
2.428992
2.578503
2.591007
2.518529
2.310755
2.385916
2.387154
2.481842
2.583059
2.627980
2.399411
2.432713
2.565414
2.368953
2.481079
2.458184
2.583054
2.453593
2.356385
2.404463
2.356906
2.434622
2.446993
2.391708
2.301398
2.364407
2.405628
2.470674
2.502090
2.391325
2.642679
2.364045
2.423289
2.456139
2.342571
2.544101
2.643031
2.253798
2.723261
2.449188
2.477122
2.524004
2.254015
2.443117
2.372327
2.565590
2.537778
2.390800
2.326218
2.472976
2.448098
2.391624
2.599116
2.554872
2.469059
2.537131
2.642427
2.435752
2.338197
2.582069
2.347976
2.300092
2.405506
2.417411
2.388036
2.319845
2.572362
2.360825
2.459679
2.526007
2.472041
2.324097
2.468593
2.484275
2.381129
2.452488
2.560190
2.585012
2.291947
2.397439
2.328950
2.485426
2.495041
2.368511
2.256855
2.297560
2.570251
2.396010
2.522622
2.665350
2.495841
2.441056
2.406462
2.474600
2.447509
2.443024
2.360218
2.626262
2.521631
2.369009
2.574754
2.384154
2.563781
2.494715
2.285875
2.476953
2.361936
2.410120
2.468204
2.498414
2.604560
2.508761
2.478109
2.337688
2.374224
2.445586
2.440580
2.434194
2.518049
2.562824
2.708359
2.436191
2.359335
2.553619
2.491038
2.425834
2.534050
2.572925
2.486273
2.395599
2.489830
2.302583
2.396731
2.379944
2.231993
2.461714
2.300413
2.458672
2.228101
2.306153
2.336065
2.097887
2.482231
2.593482
2.518705
2.307178
2.392403
2.418783
2.434203
2.417830
2.366440
2.518287
2.342364
2.478205
2.186003
2.354296
2.327828
2.506270
2.414828
2.591773
2.471211
2.273881
2.526849
2.429847
2.354431
2.563916
2.365767
2.410820
2.462515
2.325653
2.641252
2.407313
2.436463
2.477697
2.361457
2.245009
2.372771
2.361217
2.432847
2.495192
2.339260
2.523936
2.396873
2.308013
2.432837
2.331490
2.514595
2.296315
2.357648
2.333288
2.356440
2.422104
2.420137
2.453770
2.227435
2.341352
2.414755
2.536840
2.577826
2.258697
2.297254
2.534909
2.321300
2.549973
2.448487
2.318114
2.373920
2.344479
2.424361
2.450010
2.454582
2.437292
2.603420
2.297486
2.242316
2.412018
2.385253
2.243711
2.475588
2.561126
2.345461
2.242485
2.247482
2.344078
2.350307
2.450534
2.424312
2.570183
2.567957
2.342286
2.485503
2.261748
2.315280
2.446553
2.345726
2.219498
2.412845
2.403616
2.396755
2.444068
2.556736
2.291734
2.382527
2.400057
2.224236
2.555694
2.398184
2.338878
2.417606
2.515957
2.406622
2.414604
2.476351
2.353486
2.541210
2.350511
2.572616
2.292831
2.377235
2.483330
2.307124
2.432630
2.548327
2.478287
2.478515
2.492906
2.607602
2.305076
2.370698
2.486295
2.501392
2.429823
2.486680
2.354768
2.494440
2.556370
2.281204
2.564464
2.208558
2.491098
2.343053
2.296349
2.397444
2.300898
2.471720
2.467244
2.277247
2.451154
2.283629
2.315036
2.340099
2.453823
2.417369
2.410193
2.407267
2.435564
2.434541
2.458208
2.523160
2.439116
2.472536
2.387288
2.425000
2.265290
2.566870
2.458420
2.478760
2.433629
2.394491
2.315245
2.212779
2.446678
2.246832
2.481827
2.259300
2.518058
2.411605
2.505941
2.275938
2.442266
2.481192
2.145755
2.442910
2.400417
2.365801
2.327342
2.317993
2.467841
2.399651
2.419523
2.253532
2.284623
2.299558
2.426734
2.462078
2.278159
2.476277
2.414003
2.478219
2.419482
2.421088
2.381656
2.262403
2.273742
2.242639
2.448206
2.548770
2.343803
2.298406
2.382474
2.450962
2.308162
2.154945
2.198633
2.438875
2.301427
2.488883
2.359131
2.357088
2.452955
2.260033
2.261420
2.296317
2.234063
2.371781
2.512949
2.315043
2.206536
2.283652
2.366056
2.203370
2.276361
2.395125
2.424851
2.516059
2.610699
2.422686
2.409096
2.368346
2.454235
2.365593
2.384800
2.337775
2.241621
2.296557
2.302798
2.441945
2.358611
2.488263
2.335626
2.436239
2.364958
2.365641
2.141204
2.349751
2.464797
2.309922
2.376358
2.343051
2.216848
2.388550
2.315806
2.344672
2.349283
2.513058
2.458819
2.422875
2.174886
2.303248
2.498265
2.206357
2.323251
2.175828
2.420449
2.537816
2.454467
2.223192
2.415046
2.424029
2.393898
2.437244
2.319706
2.328089
2.409810
2.331633
2.226685
2.406571
2.312675
2.646944
2.406368
2.237051
2.505541
2.222264
2.284011
2.277042
2.414214
2.360387
2.473114
2.168001
2.275583
2.232847
2.408406
2.408542
2.253171
2.379826
2.365208
2.362048
2.438438
2.287708
2.460210
2.407659
2.330970
2.424577
2.471578
2.571432
2.316301
2.268054
2.311816
2.248235
2.373724
2.363307
2.448048
2.334442
2.409765
2.386708
2.305130
2.339097
2.400251
2.292753
2.247990
2.389248
2.355849
2.505700
2.387757
2.310866
2.352195
2.279329
2.483314
2.501164
2.442732
2.370818
2.388674
2.342702
2.235187
2.336772
2.219953
2.464447
2.409491
2.238497
2.320554
2.164897
2.341619
2.762002
2.275210
2.377820
2.323603
2.229151
2.427709
2.284368
2.341642
2.384882
2.251894
2.289533
2.539549
2.399733
2.323492
2.261609
2.424145
2.465945
2.381964
2.355934
2.483691
2.389334
2.486448
2.415230
2.426119
2.265705
2.243658
2.359989
2.455047
2.217187
2.319074
2.248690
2.342050
2.529201
2.325489
2.384432
2.440493
2.371817
2.261878
2.373736
2.395976
2.217611
2.296391
2.292830
2.160152
2.272265
2.341223
2.254506
2.336634
2.272805
2.196201
2.250834
2.339993
2.441094
2.301102
2.355043
2.488509
2.419664
2.422432
2.292515
2.287223
2.503543
2.331838
2.190238
2.278214
2.353695
2.335058
2.356828
2.318617
2.427209
2.252064
2.255023
2.479273
2.391437
2.351445
2.481262
2.235409
2.440932
2.428806
2.358460
2.386018
2.153110
2.119064
2.196403
2.381335
2.210070
2.183339
2.461148
2.383134
2.110155
2.551107
2.445117
2.254668
2.290921
2.287423
2.320113
2.119759
2.358740
2.485287
2.489316
2.258379
2.206210
2.574018
2.309550
2.211247
2.116884
2.234061
2.324276
2.271723
2.364431
2.325545
2.440765
2.160240
2.072282
2.317261
2.342123
2.523427
2.064215
2.136721
2.249026
2.249236
2.252931
2.255224
2.250189
2.440767
2.264381
2.253600
2.273625
2.259267
2.351141
2.344266
2.278610
2.364488
2.534246
2.375140
2.276289
2.343992
2.216666
2.181620
2.279405
2.351308
2.301862
2.173896
2.409827
2.464957
2.400030
2.252910
2.286373
2.442231
2.314047
2.300568
2.428564
2.396816
2.522234
2.206033
2.382990
2.282991
2.302837
2.433369
2.408913
2.113774
2.325467
2.374619
2.300454
2.460542
2.364168
2.503144
2.326408
2.274192
2.401255
2.413785
2.213337
2.404633
2.211468
2.450951
2.631116
2.293893
2.071443
2.298730
2.300849
2.390295
2.320891
2.252992
2.091484
2.341293
2.217664
2.345501
2.228115
2.214731
2.135222
2.299437
2.213350
2.426422
2.435901
2.277104
2.445391
2.141642
2.348190
2.370593
2.324963
2.389229
2.228165
2.292161
2.462456
2.316097
2.497545
2.392830
2.260743
2.263980
2.315058
2.313563
2.238090
2.279107
2.243650
2.261842
2.241399
2.549997
2.516555
2.415671
2.449940
2.498697
2.255908
2.284236
2.300797
2.201202
2.276041
2.167667
2.365726
2.077298
2.487724
2.398425
2.308830
2.278174
2.218440
2.282711
2.511123
2.283338
2.222368
2.417108
2.165999
2.414164
2.266959
2.134104
2.117726
2.161787
2.294632
2.416006
2.522077
2.101322
2.232228
2.277983
2.240499
2.268579
2.183096
2.326676
2.222663
2.327498
2.371856
2.430590
2.355323
2.332982
2.367933
2.139903
2.555181
2.466636
2.328146
2.277119
2.294498
2.496259
2.277297
2.201158
2.305827
2.216887
2.419669
2.205799
2.272250
2.464647
2.151565
2.232517
2.120983
2.426752
2.618695
2.288512
2.445560
2.427092
2.131019
2.312341
2.219632
2.344614
2.270361
2.296520
2.506248
2.283690
2.471516
2.322679
2.338243
2.179580
2.426606
2.228259
2.126801
2.137723
2.243851
2.305360
2.343934
2.260839
2.232332
2.456959
2.301504
2.366091
2.274559
2.136796
2.310405
2.451130
2.432840
2.395199
2.302698
2.360454
2.168258
2.491650
2.423879
2.450853
2.237978
2.248905
2.212352
2.279755
2.222419
2.336444
2.503457
2.139196
2.184814
2.252206
2.057880
2.166635
2.314197
2.226166
2.317550
2.225018
2.303860
2.457088
2.097278
2.427954
2.260198
2.112104
2.130687
2.270615
2.208659
2.358756
2.188165
2.310909
2.238655
2.176860
2.239945
2.241839
2.628556
2.274978
2.509424
2.263850
2.314242
2.128821
2.272250
2.513891
2.403863
2.194980
2.388836
2.283533
2.306946
2.306975
2.156825
2.117707
2.450360
2.404156
2.285056
2.341518
2.139658
