0.703805
0.944139
0.764597
0.654034
0.687427
0.695302
0.749598
0.785630
0.742351
0.422258
0.803266
0.662844
0.681642
0.651134
0.538061
0.651062
0.617320
0.714296
0.611052
0.688752
0.742514
0.610630
0.663261
0.636526
0.621933
0.545349
0.655011
0.540474
0.543462
0.625887
0.773026
0.456894
0.622279
0.569590
0.500668
0.448954
0.598405
0.607484
0.569465
0.528853
0.634987
0.538547
0.539196
0.665513
0.542566
0.551811
0.664692
0.530158
0.485211
0.593210
0.574080
0.623389
0.656487
0.584047
0.652160
0.561877
0.649653
0.561182
0.537686
0.466160
0.530234
0.408641
0.540152
0.652630
0.512110
0.589302
0.445849
0.542921
0.636236
0.518863
0.668322
0.506750
0.356630
0.476796
0.644097
0.614538
0.686567
0.470588
0.597304
0.662018
0.590067
0.603006
0.645914
0.563663
0.610299
0.605825
0.652667
0.432931
0.662954
0.593315
0.649013
0.508390
0.543324
0.627698
0.690609
0.625735
0.562283
0.653034
0.496229
0.672760
0.460872
0.377673
0.583040
0.604666
0.548672
0.529576
0.536937
0.588457
0.544898
0.462688
0.488506
0.410942
0.556740
0.520993
0.644568
0.409182
0.491026
0.527349
0.580377
0.417429
0.686417
0.493907
0.514038
0.474519
0.465684
0.610116
0.575852
0.613747
0.595458
0.437859
0.388545
0.633944
0.500427
0.480092
0.507227
0.521084
0.665042
0.516925
0.517794
0.482576
0.453140
0.506361
0.402602
0.602077
0.555850
0.548399
0.655409
0.534341
0.431835
0.631715
0.556540
0.606938
0.484794
0.467439
0.594808
0.547422
0.665751
0.507260
0.613691
0.516654
0.450191
0.487561
0.510608
0.348223
0.588586
0.595443
0.514046
0.590813
0.689244
0.488560
0.498463
0.561868
0.636602
0.605069
0.568339
0.555384
0.651064
0.552303
0.558882
0.587891
0.432747
0.497956
0.629978
0.587471
0.644292
0.535104
0.444727
0.557988
0.618913
0.841243
0.526916
0.629060
0.453133
0.542259
0.573640
0.525255
0.429368
0.548470
0.504006
0.562130
0.536056
0.613651
0.579115
0.501370
0.566560
0.647029
0.564708
0.629315
0.486894
0.560748
0.536822
0.434235
0.597198
0.348205
0.541597
0.538730
0.446575
0.576239
0.617278
0.490696
0.507932
0.572457
0.592114
0.591074
0.479460
0.376690
0.571823
0.511835
0.531450
0.403637
0.522030
0.500698
0.482606
0.603181
0.542187
0.635147
0.528919
0.536466
0.522072
0.560443
0.491159
0.530111
0.593465
0.462200
0.486155
0.357535
0.621679
0.610422
0.553227
0.456168
0.621392
0.430595
0.580326
0.587280
0.635825
0.469961
0.557168
0.449941
0.533098
0.577878
0.413267
0.526384
0.541555
0.472299
0.528484
0.574279
0.482765
0.548248
0.525575
0.546196
0.447192
0.592666
0.499958
0.582609
0.452849
0.491849
0.611220
0.483480
0.477035
0.575758
0.609932
0.492085
0.508710
0.527728
0.684846
0.582582
0.494034
0.518170
0.510949
0.444184
0.436670
0.549269
0.565027
0.394725
0.566035
0.549002
0.580271
0.590318
0.478378
0.616876
0.439770
0.534621
0.405940
0.539783
0.430876
0.521178
0.543526
0.459477
0.545214
0.372876
0.595509
0.634662
0.447212
0.473040
0.485901
0.423404
0.470695
0.415569
0.446003
0.464697
0.600064
0.510726
0.518760
0.582962
0.497755
0.553874
0.515807
0.499254
0.574844
0.630174
0.584087
0.544119
0.474390
0.579031
0.510774
0.492997
0.549223
0.591634
0.587684
0.623540
0.583749
0.474370
0.478690
0.653368
0.350883
0.593712
0.587577
0.524637
0.583600
0.589012
0.575484
0.567342
0.375236
0.528133
0.448133
0.387914
0.451271
0.495935
0.528744
0.541121
0.566276
0.551870
0.524637
0.510248
0.452181
0.395471
0.563594
0.513383
0.557144
0.486299
0.608363
0.545367
0.513475
0.549147
0.620004
0.481043
0.518943
0.574193
0.557927
0.807575
0.514788
0.632916
0.474641
0.498343
0.480572
0.460072
0.533457
0.446939
0.483826
0.418957
0.521486
0.544840
0.451819
0.434490
0.593530
0.648212
0.565506
0.583967
0.394904
0.503722
0.613171
0.494218
0.370992
0.515925
0.492107
0.443971
0.547378
0.600233
0.429836
0.464293
0.570609
0.512888
0.581551
0.532126
0.587426
0.425034
0.573873
0.557054
0.378214
0.528959
0.543773
0.586311
0.596095
0.471201
0.568867
0.509574
0.519649
0.528880
0.516705
0.661930
0.543807
0.575780
0.519194
0.516717
0.586034
0.409758
0.529469
0.595066
0.556812
0.610110
0.342461
0.464069
0.516313
0.416422
0.514185
0.505606
0.516162
0.555979
0.539982
0.378651
0.595823
0.532103
0.608830
0.472101
0.627299
0.513394
0.527534
0.523166
0.407138
0.450196
0.511981
0.538828
0.533550
0.477970
0.463532
0.515047
0.626502
0.571865
0.508997
0.564014
0.574816
0.415563
0.512039
0.493399
0.647161
0.456913
0.589583
0.485933
0.465701
0.550551
0.337142
0.532921
0.541510
0.571973
0.538519
0.575038
0.421050
0.374094
0.478506
0.471869
0.460697
0.463937
0.698782
0.563230
0.628449
0.492295
0.531930
0.428510
0.602148
0.565211
0.578646
0.451760
0.457534
0.427482
0.524847
0.473282
0.547916
0.577922
0.593768
0.518379
0.562926
0.532827
0.463633
0.498788
0.630952
0.456919
0.411550
0.512162
0.650029
0.512372
0.477973
0.483248
0.428560
0.492474
0.574741
0.519221
0.423845
0.485195
0.482362
0.490177
0.586724
0.461729
0.455570
0.436117
0.517146
0.511630
0.565006
0.529203
0.375509
0.462030
0.605517
0.405855
0.503281
0.671493
0.522280
0.388669
0.513234
0.526336
0.520978
0.619142
0.450682
0.483810
0.482968
0.455595
0.490549
0.537170
0.481993
0.483431
0.533124
0.642263
0.520975
0.478973
0.357876
0.438985
0.437833
0.451445
0.584022
0.469640
0.610099
0.636822
0.311471
0.611857
0.639837
0.537734
0.441307
0.563557
0.615652
0.559963
0.514100
0.520841
0.450570
0.458922
0.555264
0.523730
0.409485
0.471228
0.540254
0.452818
0.535920
0.536976
0.578015
0.502264
0.362483
0.452111
0.561186
0.524558
0.424331
0.559207
0.543208
0.425106
0.587973
0.467854
0.562549
0.548604
0.496946
0.543853
0.356299
0.462703
0.529189
0.524075
0.496643
0.592667
0.507283
0.585718
0.436423
0.549663
0.536529
0.460599
0.426369
0.347414
0.468689
0.525256
0.572812
0.483417
0.555478
0.562101
0.674040
0.440991
0.369358
0.373167
0.384611
0.410821
0.408402
0.565031
0.505422
0.554761
0.552958
0.504267
0.443933
0.575403
0.433834
0.591245
0.527537
0.604723
0.508455
0.570462
0.531549
0.622493
0.436906
0.523477
0.431163
0.460518
0.453449
0.591242
0.463193
0.542744
0.520149
0.410324
0.465234
0.619245
0.492873
0.586643
0.509222
0.463600
0.767935
0.520144
0.429207
0.519072
0.513201
0.431856
0.558868
0.485180
0.497990
0.527426
0.639625
0.439637
0.540340
0.592750
0.487675
0.612112
0.590592
0.429016
0.494957
0.397670
0.437117
0.445890
0.516618
0.523774
0.524814
0.465240
0.546604
0.472632
0.565460
0.467172
0.557310
0.369958
0.410449
0.486515
0.458644
0.479338
0.450213
0.500025
0.545881
0.492078
0.468857
0.449684
0.551953
0.536345
0.517526
0.566267
0.546508
0.493612
0.499633
0.602839
0.478430
0.578223
0.504310
0.485250
0.494928
0.543344
0.541677
0.618908
0.434253
0.657406
0.531702
0.537510
0.397914
0.449167
0.557013
0.479968
0.493282
0.357044
0.494866
0.492992
0.581457
0.530347
0.583327
0.426167
0.413331
0.609414
0.575865
0.465218
0.376802
0.535983
0.521564
0.312503
0.532411
0.453198
0.374458
0.567398
0.519315
0.567428
0.535215
0.451543
0.433966
0.429261
0.490690
0.505977
0.397980
0.847838
0.343732
0.492649
0.390938
0.519151
0.601732
0.434450
0.529494
0.573305
0.446018
0.572726
0.517035
0.382903
0.530302
0.494666
0.450012
0.512500
0.473024
0.600317
0.505396
0.521775
0.675150
0.552456
0.541414
0.576337
0.545559
0.386375
0.552844
0.413816
0.527151
0.408758
0.481139
0.500857
0.585117
0.524269
0.497241
0.469199
0.357556
0.432065
0.541040
0.503474
0.507341
0.382516
0.471443
0.381858
0.500648
0.523507
0.562160
0.610705
0.399438
0.483757
0.579389
0.596972
0.500359
0.523749
0.444569
0.595621
0.602883
0.558468
0.514843
0.435524
0.471771
0.536453
0.586462
0.465130
0.598113
0.526029
0.457118
0.436839
0.360228
0.529166
0.593400
0.447260
0.485292
0.428700
0.405084
0.396677
0.458530
0.540553
0.553593
0.515591
0.414955
0.441729
0.578850
0.487752
0.507268
0.477294
0.548690
0.506841
0.473140
0.419179
0.460464
0.451878
0.548918
0.568278
0.966048
0.517900
0.516606
0.506511
0.512265
0.470413
0.473528
0.502102
0.473322
0.539226
0.551817
0.475917
0.548018
0.452469
0.545086
0.554655
0.526113
0.500284
0.514014
0.410654
0.486195
0.369891
0.513895
0.406881
0.433802
0.616327
0.542818
0.458418
0.553637
0.459052
0.613019
0.576813
0.452459
0.557447
0.365608
0.476830
0.518607
0.492233
0.455174
0.483408
0.564218
0.419471
0.510158
0.524449
0.546471
0.474780
0.643873
0.552235
0.493033
0.522496
0.430122
0.568837
0.555434
0.474714
0.646084
0.515077
0.517101
0.398044
0.560928
0.365952
0.485033
0.494233
0.430991
0.487073
0.489209
0.527306
0.348975
0.577035
0.390719
0.392112
0.469831
0.502438
0.559894
0.403623
0.472237
0.575901
0.566622
0.549928
0.542711
0.483641
0.526683
0.363010
0.530029
0.503915
0.470939
0.397985
0.410313
0.635299
0.468552
0.537674
0.422446
0.633585
0.470816
0.487953
0.451066
0.678098
0.322353
0.493560
0.564958
0.482031
0.543123
0.487412
0.453856
0.508041
0.589576
0.507744
0.370297
0.569429
0.597198
0.589465
0.533010
0.586295
0.582303
0.526255
0.434931
0.473483
0.484756
0.460172
0.567167
0.538856
0.465753
0.562488
0.527013
0.452878
0.388955
0.358846
0.519792
0.414774
0.466104
0.515211
0.388969
0.448959
0.551022
0.449366
0.517410
0.403156
0.446486
0.490688
0.347949
0.477956
0.545584
0.417410
0.503801
0.513940
0.454181
0.579735
0.528649
0.353887
0.394600
0.540861
0.455404
0.467274
0.503323
0.426267
0.402535
0.572208
0.546261
0.611253
0.422423
0.479472
0.569470
0.599611
0.479337
0.509846
0.539004
0.512432
0.487837
0.527976
0.427525
0.497645
0.391360
0.400341
0.520254
0.384590
0.517427
0.571790
0.536798
0.590008
0.422383
0.532583
0.451236
0.507954
0.426086
0.502706
0.614270
0.510348
0.570271
0.482157
0.516515
0.456889
0.554147
0.579325
0.581930
0.516803
0.471598
0.373961
0.554903
0.510604
0.509057
0.423799
0.534881
0.483766
0.630767
0.407287
0.482023
0.556481
0.430601
0.528113
0.568001
0.433823
0.546289
0.509584
0.330698
0.493734
0.596858
0.424215
0.505011
0.504635
0.436375
0.476837
0.453029
0.483330
0.562066
0.356431
0.505255
0.591390
0.395666
0.451115
0.496314
0.497504
0.499968
0.380915
0.467839
0.564533
0.599203
0.525820
0.480505
0.537500
0.507369
0.471636
0.557198
0.478431
0.537459
0.547842
0.491239
0.485652
0.535716
0.375877
0.441939
0.479473
0.478683
0.507370
0.492609
0.561036
0.430055
0.534976
0.550125
0.349017
0.438144
0.417487
0.524202
0.452333
0.434245
0.604995
0.578541
0.419850
0.448787
0.457795
0.431748
0.484887
0.468300
0.431854
0.416459
0.539458
0.537308
0.547432
0.340884
0.548325
0.463877
0.575754
0.563608
0.454913
0.504257
0.413389
0.420303
0.741657
0.501056
0.516437
0.533642
0.369818
0.533548
0.365791
0.420458
0.338749
0.472354
0.513763
0.551844
0.510998
0.495812
0.397595
0.467273
0.552448
0.419230
0.468660
0.351654
0.520606
0.514714
0.513726
0.457546
0.395324
0.599932
0.430113
0.459453
0.532430
0.488361
0.392209
0.439696
0.439444
0.443887
0.581981
0.370493
0.533341
0.451722
0.451195
0.505087
0.479068
0.478438
0.427395
0.528563
0.570326
0.356845
0.508979
0.433490
0.400832
0.470001
0.517401
0.547523
0.536470
0.419253
0.511514
0.517116
0.464545
0.519750
0.561824
0.580616
0.510022
0.503302
0.511735
0.487818
0.487984
0.527788
0.488818
0.426942
0.558059
0.523435
0.525467
0.509736
0.508652
0.451707
0.571479
0.449201
0.482336
0.501536
0.452318
0.402813
0.361134
0.387026
0.484169
0.518070
0.520497
0.483608
0.506032
0.447913
0.506429
0.572281
0.570774
0.442715
0.505553
0.563705
0.520542
1.016150
0.371849
0.539453
0.532124
0.390057
0.454620
0.450882
0.382588
0.489363
0.523804
0.528406
0.402130
0.434323
0.491721
0.457405
0.413763
0.451001
0.533523
0.400757
0.607683
0.492528
0.399653
0.469280
0.413723
0.543021
0.400550
0.509360
0.544633
0.419547
0.557028
0.429591
0.496122
0.515007
0.412139
0.442243
0.490109
0.466748
0.445059
0.394946
0.556804
0.495490
0.454455
0.532568
0.311332
0.596417
0.562661
0.563928
0.553458
0.483034
0.492224
0.598869
0.337337
0.465435
0.526758
0.396003
0.608855
0.458550
0.515898
0.347174
0.454704
0.423080
0.565647
0.386424
0.476420
0.462449
0.503056
0.486966
0.518211
0.456749
0.439581
0.351410
0.455791
0.529304
0.461629
0.511799
0.520278
0.483726
0.411335
0.449699
0.533360
0.538235
0.533268
0.509598
0.538069
0.463197
0.486972
0.462729
0.429766
0.553491
0.588881
0.509867
0.591916
0.536799
0.369205
0.549695
0.679474
0.545470
0.443742
0.530167
0.556091
0.514257
0.575723
0.361891
0.485125
0.516319
0.561515
0.500561
0.577426
0.520312
0.495704
0.521626
0.492200
0.421047
0.455756
0.558522
0.507174
0.456225
0.539471
0.566955
0.569273
0.435643
0.501053
0.389472
0.377520
0.526755
0.399569
0.574965
0.498509
0.427379
0.490426
0.538347
0.378437
0.430046
0.322223
0.511065
0.540465
0.395815
0.536246
0.390595
0.369146
0.530204
0.436036
0.455227
0.495917
0.508557
0.497335
0.441763
0.533270
0.511985
0.327426
0.547028
0.499803
0.464164
0.380575
0.550016
0.449517
0.514252
0.552764
0.425801
0.414933
0.500804
0.448793
0.580056
0.576526
0.506240
0.524223
0.480920
0.403053
0.541386
0.483935
0.385877
0.494504
0.420473
0.461398
0.400423
0.507366
0.471045
0.517805
0.296884
0.572017
0.628342
0.544289
0.538207
0.380918
0.343972
0.435994
0.401454
0.429460
0.538166
0.615841
0.561803
0.381066
0.471939
0.478503
0.542679
0.482052
0.519525
0.496172
0.566841
0.475844
0.440573
0.343785
0.473022
0.616018
0.486153
0.511132
0.412026
0.549168
0.484775
0.425898
0.599819
0.559167
0.416215
0.358669
0.373169
0.502497
0.407743
0.378941
0.441310
0.525606
0.530685
0.439775
0.402706
0.526073
0.353740
0.494584
0.377411
0.533233
0.508955
0.467844
0.571324
0.517400
0.460114
0.440775
0.564061
0.484527
0.451448
0.507937
0.560989
0.514549
0.489602
0.434522
0.401162
0.474867
0.480033
0.491275
0.552539
0.451796
0.392502
0.583113
0.495076
0.470474
0.533285
0.461630
0.439407
0.563182
0.498431
0.462742
0.553851
0.404174
0.439109
0.520395
0.386269
0.490520
0.538159
0.475156
0.334315
0.461444
0.494285
0.548343
0.482049
0.482039
0.489057
0.458963
0.506563
0.372379
0.444537
0.393805
0.582573
0.603363
0.420845
0.506862
0.383193
0.484208
0.480796
0.690128
0.437261
0.437268
0.502799
0.371139
0.508386
0.448421
0.428262
0.446796
0.529572
0.430530
0.513462
0.497362
0.434618
0.520763
0.501595
0.442539
0.479805
0.355543
0.524062
0.571586
0.530874
0.477817
0.557275
0.532980
0.453845
0.521043
0.435750
0.409434
0.443901
0.515618
0.594738
0.519879
0.463937
0.445804
0.398440
0.462927
0.435403
0.459440
0.400817
0.454421
0.470961
0.517428
0.477788
0.526258
0.484807
0.502315
0.369013
0.566598
0.500072
0.501371
0.456421
0.452434
0.425373
0.506118
0.557144
0.591975
0.402619
0.520287
0.519212
0.513963
0.540720
0.540204
0.523503
0.396864
0.377966
0.528542
0.559194
0.550973
0.394552
0.444931
0.529320
0.495226
0.434466
0.515453
0.464013
0.479515
0.512638
0.482670
0.660323
0.519857
0.449109
0.343725
0.506317
0.498764
0.484252
0.507225
0.518134
0.545605
0.332216
0.447931
0.517973
0.508762
0.474083
0.545201
0.852037
0.418543
0.540878
0.398792
0.525329
0.437092
0.426397
0.420061
0.490542
0.457709
0.548816
0.586490
0.502889
0.497517
0.478602
0.436951
0.442534
0.434376
0.581465
0.585772
0.528615
0.507958
0.466867
0.448579
0.418133
0.420960
0.500739
0.366764
0.447171
0.494316
0.491121
0.405938
0.544660
0.418908
0.508753
0.508019
0.571264
0.523229
0.496751
0.467168
0.278777
0.448016
0.393697
0.489783
0.519173
0.506256
0.447229
0.395806
0.551285
0.623370
0.479040
0.410888
0.502296
0.495898
0.502677
0.501818
0.470548
0.481995
0.491803
0.458681
0.420558
0.533081
0.399422
0.408725
0.552499
0.423803
0.540527
0.483174
0.433283
0.428872
0.469740
0.444927
0.452578
0.456440
0.453096
0.589936
0.536162
0.582879
0.485707
0.565260
0.454306
0.487124
0.469028
0.465464
0.553312
0.497692
0.513750
0.593895
0.473944
0.371651
0.453241
0.463755
0.486498
0.540950
0.446960
0.708445
0.459602
0.487769
0.543877
0.506657
0.469552
0.545151
0.471648
0.545508
0.495177
0.570786
0.477221
0.437502
0.446097
0.463509
0.367361
0.355769
0.358686
0.408430
0.560123
0.418049
0.562091
0.460349
0.431227
0.463034
0.425757
0.573705
0.423258
0.359275
0.515769
0.456553
0.362183
0.423793
0.532004
0.430135
0.483823
0.437811
0.549243
0.477209
0.390729
0.446365
0.474903
0.413381
0.414290
0.547421
0.465970
0.436811
0.457526
0.496172
0.438599
0.479884
0.520047
0.503461
0.471643
0.476217
0.486392
0.413061
0.425518
0.420068
0.371165
0.522241
0.546156
0.385919
0.486784
0.550499
0.422759
0.505442
0.448762
0.505766
0.360166
0.531621
0.461050
0.532573
0.458000
0.554669
0.454118
0.440177
0.578603
0.550506
0.555126
0.527047
0.451477
0.462176
0.427306
0.524751
0.529693
0.448445
0.503991
0.449847
0.440621
0.548722
0.434980
0.530026
0.515330
0.479531
0.857357
0.533541
0.329424
0.428265
0.485898
0.535733
0.477001
0.531031
0.488430
0.433067
0.422236
0.435406
0.367969
0.382723
0.520414
0.539874
0.414473
0.399795
0.476579
0.593463
0.472654
0.383217
0.474734
0.421644
0.405616
0.442784
0.419299
0.532736
0.436300
0.604486
0.519515
0.480117
0.375354
0.435987
0.420106
0.397835
0.431079
0.448872
0.472186
0.526279
0.481201
0.531263
0.490532
0.427018
0.531521
0.449201
0.479302
0.510851
0.455612
0.465687
0.456140
0.434740
0.422708
0.430015
0.505041
0.414626
0.462559
0.478077
0.306019
0.581899
0.464738
0.453779
0.406055
0.494059
0.600448
0.387961
0.546241
0.390733
0.529561
0.492672
0.434084
0.554661
0.431319
0.402004
0.511396
0.496349
0.484199
0.525614
0.481267
0.449755
0.531892
0.564903
0.332858
0.522507
0.485827
0.525230
0.388481
0.543298
0.459156
0.510893
0.434893
0.505042
0.418954
0.399454
0.663009
0.689515
0.409134
0.437681
0.516862
0.417731
0.395353
0.511783
0.334470
0.479760
0.415608
0.445401
0.496206
0.504866
0.302779
0.498071
0.445081
0.430478
0.506306
0.393729
0.555273
0.439109
0.450153
0.413678
0.469720
0.433118
0.365039
0.396105
0.508575
0.590224
0.403962
0.427942
0.525321
0.390707
0.446327
0.491062
0.350581
0.389351
0.500575
0.513562
0.474664
0.413950
0.431080
0.442735
0.494520
0.369066
0.462987
0.457727
0.462147
0.519307
0.431588
0.582772
0.456236
0.490857
0.433542
0.473289
0.484477
0.483492
0.537143
0.530043
0.492118
0.523086
0.474448
0.519267
0.553331
0.587261
0.467940
0.500667
0.366111
0.433165
0.560427
0.469522
0.375028
0.504602
0.563707
0.544848
0.381424
0.406869
0.493256
0.421626
0.561103
0.423631
0.605660
0.500268
0.502779
0.400433
0.458032
0.413953
0.403212
0.406599
0.406891
0.511102
0.488190
0.443579
0.495435
0.451386
0.641414
0.372980
0.553177
0.506773
0.504797
0.493454
0.336952
0.541933
0.506953
0.350124
0.474855
0.534695
0.473418
0.485101
0.563497
0.407127
0.621051
0.413151
0.439377
0.532862
0.471857
0.458430
0.392369
0.420547
0.478969
0.476312
0.437808
0.434629
0.479179
0.545679
0.426031
0.502887
0.555540
0.346213
0.454479
0.478666
0.445337
0.414558
0.330465
0.437173
0.545510
0.517395
0.488901
0.498977
0.522087
0.542927
0.482941
0.474038
0.547997
0.405301
0.523055
0.505852
0.370771
0.510276
0.500983
0.341306
0.409661
0.478865
0.484237
0.503300
0.503461
0.548198
0.423532
0.528943
0.513951
0.426797
0.486478
0.398069
0.486318
0.539505
0.427370
0.439270
0.540673
0.481544
0.422650
0.312782
0.376265
0.441105
0.509432
0.532627
0.447528
0.517268
0.488399
0.478506
0.518310
0.444034
0.423139
0.581655
0.456287
0.526116
0.461962
0.421146
0.525728
0.505735
0.563285
0.662203
0.444834
0.421781
0.357389
0.517668
0.447827
0.475030
0.437058
0.466142
0.422143
0.459922
0.381433
0.471736
0.404913
0.412011
0.386285
0.521126
0.543760
0.342785
0.481812
0.462724
0.390602
0.443766
0.451695
0.321037
0.463671
0.496200
0.515357
0.491017
0.350435
0.494617
0.511881
0.463394
0.359187
0.604271
0.467998
0.537093
0.519011
0.501548
0.419240
0.448066
0.397619
0.507548
0.445819
0.509977
0.522830
0.445062
0.430035
0.336957
0.441470
0.454249
0.462531
0.358126
0.391153
0.458876
0.533489
0.567782
0.508556
0.410697
0.571030
0.442394
0.457474
0.546696
0.562934
0.297841
0.408617
0.422796
0.481267
0.410940
0.547366
0.443562
0.548957
0.356671
0.443860
0.526449
0.493412
0.465776
0.564775
0.502700
0.430368
0.491839
0.384281
0.465721
0.480139
0.421755
0.523007
0.423368
0.564179
0.441911
0.407988
0.513162
0.334605
0.467803
0.488631
0.522079
0.666318
0.571634
0.371296
0.491306
0.490182
0.498744
0.519072
0.473572
0.529007
0.480418
0.467753
0.526373
0.473049
0.446155
0.463433
0.464425
0.548878
0.498649
0.536989
0.510096
0.334254
0.396545
0.485527
0.456765
0.414833
0.367467
0.508044
0.470693
0.460152
0.460223
0.445072
0.581966
0.485018
0.538824
0.435965
0.366033
0.528593
0.439262
0.410458
0.486749
0.393276
0.403545
0.444566
0.407305
0.374038
0.376131
0.496012
0.446079
0.457735
0.457572
0.487240
0.477325
0.448137
0.348677
0.481609
0.484322
0.333476
0.403591
0.516229
0.367042
0.391082
0.520718
0.409962
0.486529
0.423102
0.317389
0.352161
0.490009
0.503719
0.350485
0.434419
0.477244
0.435227
0.294751
0.443259
0.413564
0.534485
0.512671
0.524332
0.528354
0.522636
0.473943
0.544997
0.540484
0.490312
0.488736
0.480849
0.433919
0.515877
0.576742
0.483704
0.486709
0.380408
0.513642
0.524508
0.695748
0.432698
0.420025
0.417665
0.513634
0.500204
0.561492
0.463280
0.487209
0.611268
0.417192
0.374361
0.442235
0.456473
0.495631
0.524967
0.518287
0.486826
0.602916
0.454758
0.463387
0.429722
0.455531
0.424612
0.427995
0.455953
0.439411
0.452263
0.507416
0.536005
0.426931
0.493398
0.500303
0.526929
0.513255
0.433012
0.350811
0.461576
0.438348
0.520767
0.372989
0.418095
0.470269
0.507831
0.525039
0.451497
0.358040
0.477703
0.482053
0.524701
0.394371
0.526933
0.445248
0.492805
0.530447
0.450268
0.377634
0.357497
0.509678
0.534776
0.376837
0.421290
0.319109
0.451978
0.338440
0.527052
0.455552
0.470006
0.534681
0.367728
0.478695
0.458457
0.430031
0.459776
0.333599
0.527336
0.448765
0.479485
0.387405
0.442624
0.440431
0.396720
0.417326
0.464491
0.487391
0.391037
0.537679
0.479654
0.405053
0.438006
0.362271
0.541824
0.500706
0.539890
0.486578
0.730657
0.377523
0.396343
0.522668
0.508119
0.455898
0.371863
0.380252
0.474313
0.541501
0.313202
0.448312
0.472848
0.425683
0.402488
0.523384
0.508841
0.394199
0.455385
0.575048
0.492038
0.478549
0.582697
0.483115
0.492082
0.486166
0.456084
0.508271
0.499571
0.506097
0.527013
0.360314
0.447374
0.439713
0.443168
0.489937
0.404802
0.514287
0.479813
0.427322
0.462425
0.526816
0.475370
0.398591
0.372234
0.514670
0.431165
0.372318
0.472709
0.379557
0.365423
0.546901
0.486497
0.479873
0.487383
0.452574
0.455257
0.500439
0.509550
0.427688
0.521157
0.458413
0.434416
0.435026
0.461317
0.511077
0.467773
0.509460
0.501019
0.476856
0.430118
0.441877
0.461797
0.509254
0.281832
0.518300
0.337520
0.406323
0.491900
0.474392
0.351933
0.530936
0.388873
0.523001
0.533874
0.543833
0.476601
0.510672
0.472847
0.421519
0.307355
0.457720
0.445991
0.504371
0.363044
0.728887
0.439759
0.478446
0.449878
0.525874
0.471287
0.383345
0.394529
0.377853
0.535044
0.460285
0.429424
0.452280
0.401151
0.439890
0.459180
0.555345
0.432221
0.406354
0.443030
0.429304
0.368304
0.349657
0.458321
0.525433
0.448015
0.488673
0.349290
0.371064
0.455567
0.377753
0.352604
0.448569
0.484633
0.434619
0.488106
0.536438
0.410918
0.391415
0.527690
0.476296
0.312112
0.461393
0.458669
0.517542
0.453347
0.319050
0.531582
0.431389
0.511809
0.420231
0.459526
0.449754
0.386870
0.455325
0.468489
0.425332
0.424404
0.450576
0.431102
0.442842
0.486242
0.481817
0.500563
0.441578
0.510456
0.541068
0.462838
0.458597
0.561191
0.442360
0.425389
0.505383
0.539330
0.559323
0.443743
0.420874
0.465867
0.478059
0.382536
0.509246
0.594823
0.441953
0.415953
0.499167
0.563534
0.522471
0.426485
0.497129
0.489472
0.525369
0.450586
0.457446
0.462734
0.510039
0.753519
0.484300
0.400631
0.503606
0.345664
0.485354
0.504893
0.456207
0.430460
0.461499
0.499025
0.459228
0.440777
0.432893
0.382896
0.498702
0.503298
0.376355
0.411711
0.480396
0.486141
0.493777
0.495989
0.513786
0.502142
0.332780
0.498085
0.421842
0.550618
0.439573
0.480439
0.310636
0.469368
0.414552
0.495584
0.546044
0.468445
0.467076
0.408206
0.379818
0.284128
0.460386
0.360474
0.420860
0.525978
0.481184
0.516988
0.471196
0.434646
0.486919
0.427753
0.419448
0.498901
0.386474
0.454435
0.448513
0.385019
0.478321
0.473140
0.449940
0.476796
0.377760
0.521457
0.388003
0.495484
0.438352
0.394495
0.546967
0.420182
0.496454
0.517001
0.466480
0.387498
0.526260
0.440982
0.557189
0.450770
0.533935
0.346384
0.411007
0.367949
0.433772
0.533345
0.524966
0.490174
0.468903
0.525191
0.354903
0.477444
0.349801
0.508381
0.445730
0.462723
0.495103
0.507840
0.646034
0.429357
0.510310
0.486789
0.478431
0.480753
0.466494
0.485251
0.289507
0.406836
0.448995
0.318119
0.449348
0.337947
0.343493
0.546993
0.513665
0.289425
0.476920
0.496305
0.496322
0.543518
0.494698
0.414201
0.425777
0.393838
0.523761
0.407296
0.453086
0.440232
0.370740
0.470050
0.482677
0.439520
0.420444
0.461835
0.471038
0.550135
0.452537
0.488372
0.448973
0.478328
0.407423
0.503843
0.524021
0.429257
0.496058
0.441229
0.470050
0.499556
0.499794
0.479320
0.561538
0.358447
0.478081
0.513958
0.497632
0.481514
0.473337
0.394274
0.448388
0.430011
0.532746
0.418706
0.415768
0.382557
0.406621
0.475201
0.583238
0.316178
0.419921
0.452141
0.509822
0.538949
0.514577
0.450197
0.410639
0.558594
0.526791
0.379688
0.482406
0.595421
0.521872
0.538739
0.513710
0.530966
0.352929
0.332373
0.507393
0.481638
0.439912
0.512299
0.472810
0.440104
0.471835
0.620623
0.467222
0.492656
0.475047
0.429512
0.469290
0.366699
0.468092
0.469032
0.467442
0.467151
0.436919
0.464572
0.317010
0.439450
0.364473
0.353302
0.523506
0.483596
0.532506
0.491412
0.468871
0.460976
0.424129
0.472617
0.483480
0.524684
0.383524
0.531651
0.456108
0.465183
0.384224
0.598217
0.422794
0.541175
0.502668
0.432686
0.362260
0.398729
0.529693
0.440717
0.508378
0.497721
0.541592
0.439359
0.409698
0.504325
0.433687
0.371558
0.516468
0.431640
0.492694
0.453131
0.366811
0.508660
0.510846
0.466842
0.451495
0.455898
0.405594
0.412842
0.323903
0.436354
0.518951
0.465272
0.473764
0.361915
0.543460
0.435476
0.350808
0.439848
0.432509
0.414477
0.545451
0.314660
0.484575
0.480832
0.484229
0.421780
0.457251
0.543189
0.459811
0.432783
0.370036
0.450387
0.462447
0.398330
0.425384
0.464795
0.529909
0.488224
0.446894
0.460077
0.530499
0.387344
0.659453
0.514875
0.426826
0.425525
0.524823
0.394498
0.478908
0.481880
0.462208
0.477429
0.410074
0.496208
0.531173
0.379954
0.425893
0.472242
0.439077
0.376758
0.441409
0.466368
0.502641
0.386607
0.544778
0.440403
0.420644
0.431131
0.541497
0.400218
0.338853
0.499561
0.525512
0.382408
0.479708
0.479962
0.450565
0.471031
0.461869
0.482668
0.566353
0.431694
0.486480
0.331850
0.369285
0.407980
0.439867
0.567403
0.432965
0.384734
0.465997
0.483106
0.419583
0.399547
0.441983
0.409467
0.523834
0.421361
0.566231
0.493694
0.465445
0.557629
0.462796
0.442725
0.590849
0.335627
0.457237
0.508418
0.384204
0.527280
0.486848
0.419890
0.491730
0.472611
0.400183
0.448606
0.400098
0.542036
0.374592
0.506946
0.562235
0.360479
0.429638
0.410168
0.542656
0.382822
0.459907
0.315918
0.502332
0.393104
0.448491
0.429515
0.506727
0.471319
0.513155
0.347631
0.434568
0.712202
0.523453
0.534774
0.474701
0.489152
0.453818
0.561387
0.419467
0.515568
0.443136
0.529427
0.286822
0.490701
0.503237
0.489485
0.492251
0.408282
0.486609
0.465804
0.398397
0.445124
0.365833
0.582915
0.464725
0.542065
0.418763
0.478506
0.523870
0.458550
0.547303
0.401441
0.472420
0.483868
0.408489
0.405848
0.500548
0.433368
0.535263
0.445202
0.369143
0.471060
0.508095
0.489615
0.357425
0.455985
0.443326
0.488638
0.453779
0.442294
0.446875
0.503740
0.407161
0.324699
0.484245
0.466678
0.420631
0.397047
0.483127
0.481087
0.410068
0.504346
0.437250
0.465564
0.436472
0.492829
0.380617
0.441729
0.492055
0.477149
0.407617
0.464280
0.513231
0.448565
0.511221
0.365984
0.479085
0.539673
0.517844
0.440444
0.410608
0.377223
0.434205
0.433273
0.452386
0.381535
0.269947
0.563018
0.482008
0.489547
0.449132
0.488302
0.416343
0.459796
0.497822
0.402198
0.667921
0.480739
0.409032
0.431118
0.410667
0.416028
0.474088
0.501812
0.494541
0.327871
0.469083
0.583321
0.426178
0.432763
0.444399
0.499203
0.485831
0.428205
0.470313
0.428223
0.405760
0.338725
0.491890
0.422219
0.424383
0.387537
0.434158
0.423535
0.396153
0.437806
0.466370
0.490043
0.430257
0.453490
0.388504
0.490559
0.478717
0.525696
0.458025
0.405658
0.468349
0.320865
0.397012
0.460545
0.408892
0.445476
0.508680
0.491956
0.578122
0.419675
0.315326
0.420235
0.507081
0.319802
0.486351
0.410641
0.325587
0.453848
0.518926
0.501565
0.493640
0.393547
0.430973
0.400775
0.494237
0.467144
0.489334
0.546592
0.429645
0.540043
0.531440
0.425667
0.445531
0.444096
0.453242
0.431079
0.495860
0.467362
0.433042
0.566050
0.405414
0.486389
0.383244
0.284382
0.497796
0.523769
0.438294
0.476338
0.376030
0.448134
0.313606
0.445225
0.478864
0.443202
0.415982
0.655885
0.484939
0.442920
0.467875
0.444687
0.426312
0.484994
0.392116
0.511210
0.495642
0.468314
0.445058
0.432761
0.393453
0.417577
0.416944
0.466678
0.385843
0.457120
0.490769
0.509474
0.539133
0.394463
0.397674
0.438186
0.297072
0.419406
0.459186
0.452505
0.451051
0.499362
0.518235
0.362941
0.447859
0.494926
0.439131
0.507430
0.448671
0.504140
0.509800
0.452593
0.444550
0.476402
0.533750
0.466568
0.463729
0.483120
0.369285
0.410348
0.451268
0.402366
0.593932
0.400480
0.461379
0.384161
0.512169
0.462120
0.529982
0.490421
0.472046
0.380195
0.514982
0.438835
0.445964
0.394692
0.350588
0.344151
0.423328
0.410786
0.509889
0.436659
0.506670
0.401521
0.434267
0.339538
0.506330
0.421232
0.435735
0.404655
0.386074
0.362805
0.549667
0.395541
0.442763
0.472587
0.514334
0.396416
0.406840
0.499307
0.427143
0.369738
0.430669
0.505836
0.351572
0.364538
0.602599
0.411014
0.446395
0.525684
0.487690
0.445124
0.451092
0.543501
0.370816
0.511270
0.513669
0.448139
0.433203
0.431737
0.568687
0.344442
0.454178
0.390809
0.426040
0.480606
0.422972
0.319000
0.455621
0.448819
0.442592
0.521446
0.391789
0.445825
0.431815
0.457128
0.417567
0.359441
0.494823
0.488925
0.547132
0.487316
0.499266
0.307700
0.387340
0.535566
0.500505
0.342664
0.385684
0.445444
0.413029
0.483966
0.470425
0.411042
0.385771
0.373951
0.464661
0.464694
0.382757
0.428551
0.493323
0.452603
0.501025
0.348818
0.536809
0.408613
0.451441
0.482883
0.553863
0.500224
0.555040
0.465523
0.421692
0.441514
0.377138
0.402543
0.452000
0.464716
0.410237
0.446465
0.427875
0.443001
0.298546
0.450989
0.446099
0.395511
0.466854
0.420573
0.375395
0.545268
0.380378
0.436214
0.539934
0.425583
0.509466
0.339497
0.557099
0.469012
0.451176
0.504894
0.545932
0.607549
0.393383
0.479938
0.521922
0.448690
0.507842
0.487722
0.336670
0.280124
0.489562
0.522569
0.462530
0.388087
0.553107
0.427790
0.429072
0.458780
0.389903
0.407631
0.507587
0.478219
0.440627
0.442303
0.445733
0.511157
0.534051
0.342373
0.568095
0.466226
0.549953
0.408459
0.468390
0.514314
0.502659
0.376710
0.487403
0.377377
0.356096
0.535271
0.460231
0.346370
0.476481
0.338637
0.462640
0.437702
0.477832
0.495879
0.378882
0.504387
0.486244
0.378211
0.460135
0.478628
0.428396
0.442624
0.440363
0.433727
0.501825
0.499878
0.458104
0.481345
0.491682
0.413850
0.494080
0.447265
0.350789
0.547859
0.410398
0.470716
0.520746
0.422356
0.472924
0.461408
0.482271
0.533066
0.345101
0.499273
0.459225
0.534819
0.352032
0.421361
0.384197
0.384900
0.447175
0.404759
0.384574
0.551906
0.483010
0.515008
0.467076
0.374626
0.460229
0.569421
0.393180
0.374973
0.636775
0.527165
0.487976
0.489236
0.463754
0.358202
0.478563
0.455121
0.318294
0.408294
0.466711
0.537998
0.329544
0.486035
0.434866
0.525279
0.376551
0.469896
0.462772
0.441496
0.435665
0.492134
0.462412
0.431197
0.429145
0.434531
0.514666
0.445304
0.319472
0.440233
0.368101
0.370073
0.444103
0.531568
0.490807
0.432364
0.487671
0.494470
0.294581
0.439663
0.486646
0.445240
0.500026
0.495685
0.469034
0.438265
0.490702
0.475375
0.498187
0.453096
0.493523
0.415719
0.390659
0.395861
0.396420
0.404324
0.343136
0.560751
0.428225
0.459956
0.444352
0.465970
0.493684
0.415764
0.416266
0.434998
0.378083
0.401260
0.447014
0.472809
0.440373
0.465140
0.457550
0.442041
0.423140
0.520346
0.406987
0.497434
0.418877
0.396673
0.470682
0.367112
0.474620
0.568942
0.483572
0.368475
0.482549
0.481333
0.400393
0.437367
0.388236
0.444269
0.424651
0.465620
0.547661
0.590190
0.472119
0.391731
0.403897
0.386396
0.461812
0.522177
0.455638
0.494633
0.430191
0.522775
0.376106
0.528327
0.479579
0.461842
0.479731
0.503340
0.406437
0.410988
0.408004
0.387662
0.487476
0.538909
0.480820
0.424112
0.402489
0.460331
0.513738
0.538013
0.490919
0.427268
0.377432
0.522802
0.451561
0.421239
0.517561
0.454353
0.514524
0.411600
0.448563
0.442006
0.420971
0.442372
0.440728
0.353889
0.469398
0.380664
0.458014
0.478276
0.514469
0.439655
0.392849
0.359871
0.477849
0.495529
0.481065
0.530940
0.488584
0.473167
0.495487
0.364973
0.464170
0.305094
0.367797
0.520504
0.485237
0.473127
0.363539
0.348886
0.494425
0.466631
0.429743
0.479549
0.442886
0.552168
0.459329
0.429962
0.503245
0.544001
0.292059
0.435100
0.407181
0.451231
0.483624
0.388518
0.459565
0.432923
0.484394
0.531876
0.435073
0.392302
0.423012
0.385975
0.416370
0.499049
0.574727
0.400308
0.421155
0.411730
0.504394
0.460977
0.429075
0.416666
0.410538
0.433607
0.409955
0.411083
0.415104
0.450309
0.476928
0.504751
0.541916
0.442258
0.374444
0.468068
0.439752
0.431196
0.456950
0.428833
0.475098
0.442562
0.474034
0.346167
0.452260
0.472214
0.470964
0.484855
0.482189
0.422653
0.425475
0.483484
0.523540
0.458129
0.519821
0.518002
0.411209
0.437384
0.500641
0.401549
0.308318
0.295397
0.519329
0.367006
0.404984
0.473121
0.436449
0.467627
0.455687
0.373653
0.503436
0.436394
0.400387
0.417100
0.513957
0.473316
0.304480
0.298687
0.333598
0.492927
0.444332
0.528911
0.397841
0.451435
0.428148
0.541501
0.419300
0.408329
0.402693
0.377446
0.407361
0.389180
0.507324
0.455364
0.471492
0.388908
0.437350
0.474651
0.445519
0.413961
0.409138
0.445423
0.464643
0.541999
0.394821
0.513694
0.472367
0.447963
0.430199
0.494755
0.416334
0.645049
0.479351
0.418377
0.440235
0.414194
0.433289
0.446960
0.411650
0.446886
0.450805
0.342316
0.428329
0.546770
0.469589
0.356139
0.427951
0.420737
0.437624
0.543388
0.429375
0.446341
0.419976
0.478512
0.446757
0.448754
0.468714
0.480333
0.430162
0.383771
0.396806
0.366375
0.493813
0.436053
0.531906
0.486519
0.495764
0.554133
0.325481
0.420082
0.372758
0.441500
0.374811
0.506680
0.447317
0.553938
0.387279
0.420333
0.455221
0.498101
0.575010
0.330870
0.432148
0.364287
0.484870
0.457152
0.505128
0.294953
0.457538
0.337368
0.432132
0.496109
0.386012
0.421714
0.561125
0.286772
0.465950
0.506440
0.492358
0.405808
0.544263
0.487810
0.507727
0.402120
0.442610
0.487077
0.323012
0.405300
0.462910
0.382779
0.444938
0.477880
0.485990
0.381778
0.488059
0.413974
0.356432
0.412078
0.455286
0.446824
0.321011
0.485957
0.444370
0.502046
0.553717
0.406163
0.564244
0.363619
0.393094
0.503287
0.466326
0.495079
0.427306
0.451969
0.436494
0.502774
0.454167
0.445998
0.490794
0.437488
0.400682
0.331595
0.362096
0.505699
0.405798
0.408173
0.572092
0.368567
0.432386
0.337991
0.452791
0.362112
0.348648
0.308166
0.454565
0.457565
0.518420
0.484151
0.330034
0.437402
0.349142
0.437653
0.381422
0.443439
0.363908
0.431000
0.403277
0.413798
0.319808
0.338247
0.401495
0.485126
0.412794
0.401691
0.500958
0.417972
0.482153
0.463062
0.421142
0.559685
0.560550
0.490209
0.432661
0.454896
0.470664
0.454433
0.529012
0.414595
0.452863
0.375925
0.447383
0.349555
0.449097
0.404939
0.483732
0.484566
0.398448
0.454544
0.371622
0.460263
0.574524
0.514681
0.514727
0.455370
0.496726
0.451149
0.443980
0.454732
0.522366
0.444115
0.455809
0.379018
0.412753
0.498337
0.371200
0.536994
0.526350
0.444479
0.393269
0.476200
0.414513
0.687068
0.440861
0.397145
0.464133
0.438476
0.422696
0.434962
0.400399
0.415283
0.483970
0.474092
0.367403
0.396187
0.476356
0.314365
0.439387
0.490134
0.390097
0.378681
0.473015
0.356993
0.474064
0.501210
0.470279
0.291998
0.467037
0.330477
0.463313
0.406287
0.398294
0.425843
0.444033
0.419849
0.368130
0.405289
0.453016
0.530993
0.349834
0.498651
0.461865
0.457931
0.393084
0.468656
0.433047
0.419862
0.426384
0.531153
0.555799
0.398704
0.457093
0.563842
0.533917
0.455060
0.289089
0.335575
0.477764
0.413591
0.391483
0.429541
0.535136
0.444124
0.413505
0.441095
0.484881
0.426081
0.496932
0.477906
0.517499
0.432845
0.438617
0.374379
0.429901
0.401831
0.487869
0.469963
0.428539
0.427069
0.449512
0.414841
0.551126
0.339990
0.441688
0.469073
0.480172
0.318211
0.440992
0.465742
0.431095
0.476862
0.468126
0.485374
0.398951
0.411734
0.431682
0.424605
0.813340
0.465823
0.370534
0.422978
0.463562
0.429029
0.460475
0.406023
0.475461
0.462504
0.513104
0.345261
0.514197
0.376297
0.459884
0.485656
0.472398
0.438007
0.464970
0.331303
0.364893
0.511205
0.462798
0.512122
0.360886
0.535655
0.333664
0.460718
0.433376
0.509572
0.437592
0.335723
0.421998
0.414544
0.497535
0.415557
0.312515
0.474396
0.403561
0.391144
0.531047
0.478176
0.311889
0.479072
0.413244
0.468189
0.519287
0.433177
0.458005
0.380374
0.386479
0.399740
0.446466
0.500413
0.483822
0.403633
0.409450
0.507854
0.417570
0.432679
0.441554
0.479519
0.460548
0.506018
0.475039
0.496892
0.387890
0.333761
0.413494
0.417987
0.296111
0.469903
0.443172
0.457504
0.428075
0.527627
0.380027
0.365776
0.472199
0.528719
0.414898
0.388630
0.479472
0.488537
0.453470
0.386893
0.418207
0.449366
0.418171
0.327915
0.499535
0.428426
0.562031
0.497646
0.508995
0.574176
0.324614
0.413647
0.460908
0.437059
0.319770
0.393639
0.538493
0.371440
0.539050
0.492298
0.455081
0.294307
0.468991
0.454461
0.459459
0.510893
0.473282
0.417983
0.471712
0.478611
0.497071
0.531871
0.424837
0.350168
0.527110
0.407333
0.384832
0.482202
0.506776
0.471070
0.474919
0.428513
0.398295
0.419566
0.402878
0.409121
0.558444
0.448976
0.462304
0.452483
0.380253
0.439074
0.373727
0.344369
0.402129
0.308292
0.410456
0.408008
0.481654
0.495378
0.496464
0.358773
0.450773
0.355297
0.367227
0.501724
0.582952
0.410047
0.369381
0.450913
0.494988
0.471247
0.417903
0.381481
0.407364
0.538923
0.505657
0.425620
0.442317
0.362453
0.343066
0.419075
0.486782
0.418012
0.525599
0.420586
0.445087
0.450283
0.415760
0.492946
0.413222
0.467753
0.418362
0.408235
0.356550
0.520024
0.411814
0.365035
0.490554
0.451176
0.462402
0.510890
0.466806
0.474079
0.703471
0.406248
0.429095
0.472459
0.396975
0.442378
0.325021
0.453869
0.447516
0.430470
0.495859
0.474668
0.508870
0.373806
0.474369
0.417722
0.456397
0.475528
0.398914
0.514326
0.489852
0.407692
0.473916
0.392127
0.365475
0.330346
0.430293
0.427067
0.468267
0.483750
0.385598
0.467946
0.336534
0.417442
0.487003
0.426169
0.487066
0.430851
0.471703
0.458663
0.495113
0.553756
0.437701
0.305975
0.381977
0.388116
0.480556
0.428132
0.482250
0.473851
0.476289
0.430617
0.458205
0.392347
0.388982
0.514781
0.648671
0.577615
0.452436
0.435457
0.517138
0.427775
0.475282
0.498974
0.551834
0.477025
0.496614
0.391576
0.377474
0.423825
0.355115
0.459875
0.435755
0.368371
0.469885
0.280664
0.361292
0.346889
0.455949
0.415049
0.452015
0.369828
0.395217
0.481748
0.453773
0.482114
0.354104
0.461729
0.483995
0.429273
0.406271
0.490529
0.381992
0.423357
0.537868
0.631639
0.392374
0.469145
0.525160
0.477142
0.397363
0.437999
0.421162
0.340925
0.457314
0.506934
0.504965
0.359369
0.481999
0.473627
0.414834
0.456196
0.441044
0.437798
0.485606
0.509711
0.396536
0.468867
0.369801
0.326802
0.379932
0.490213
0.493510
0.380587
0.425359
0.378478
0.523836
0.502027
0.346376
0.541300
0.473325
0.374902
0.456832
0.408519
0.349940
0.372975
0.448306
0.406659
0.356423
0.436276
0.392788
0.470282
0.402981
0.394970
0.488289
0.469288
0.458822
0.425148
0.506326
0.527677
0.325989
0.527136
0.456054
0.490869
0.369804
0.421987
0.377052
0.430776
0.534508
0.424017
0.322134
0.416023
0.511060
0.523573
0.487781
0.465026
0.330289
0.442501
0.469182
0.562914
0.542356
0.319731
0.411791
0.503345
0.297598
0.372163
0.509069
0.472426
0.405670
0.442732
0.498140
0.522532
0.482158
0.508187
0.508862
0.487538
0.420059
0.510708
0.463564
0.337850
0.671104
0.509236
0.487487
0.414378
0.426528
0.513613
0.478777
0.462122
0.486992
0.448982
0.395151
0.384087
0.379766
0.428641
0.507832
0.450376
0.440929
0.496455
0.413494
0.395707
0.518573
0.440096
0.327915
0.489457
0.288383
0.450505
0.303620
0.542183
0.502137
0.385728
0.343625
0.319109
0.413575
0.433106
0.408806
0.401996
0.483580
0.405048
0.408309
0.469502
0.494981
0.406804
0.365464
0.478868
0.486625
0.523270
0.443346
0.405398
0.428691
0.443799
0.514435
0.345422
0.479705
0.417134
0.387337
0.497327
0.482875
0.487267
0.387787
0.492870
0.420476
0.434825
0.506344
0.420077
0.385675
0.451754
0.520719
0.467967
0.403568
0.463284
0.560236
0.407527
0.356941
0.441194
0.428020
0.438376
0.384541
0.505159
0.523069
0.372763
0.439714
0.386853
0.487627
0.365803
0.404012
0.443711
0.398783
0.436673
0.466269
0.466063
0.408563
0.390453
0.504916
0.438367
0.511867
0.640010
0.492855
0.422393
0.367476
0.404338
0.380572
0.299654
0.444959
0.416304
0.491228
0.443609
0.414192
0.425652
0.362507
0.358142
0.434231
0.459979
0.336324
0.482608
0.450216
0.402603
0.489076
0.397088
0.395151
0.267438
0.476893
0.488147
0.434343
0.482903
0.508928
0.495060
0.386418
0.493886
0.559767
0.348430
0.516952
0.428382
0.405171
0.476488
0.465831
0.351605
0.462937
0.501289
0.396645
0.462207
0.485912
0.412050
0.417198
0.459841
0.402777
0.346842
0.451235
0.482900
0.458934
0.469524
0.432579
0.520538
0.481191
0.459113
0.444703
0.454710
0.433067
0.419845
0.482348
0.490350
0.503299
0.368224
0.452395
0.424344
0.462245
0.539523
0.266758
0.534967
0.449523
0.432950
0.453492
0.449091
0.447821
0.367071
0.406604
0.479913
0.400598
0.473818
0.464748
0.431932
0.403365
0.322757
0.479959
0.472367
0.430617
0.504583
0.384573
0.417823
0.363388
0.477987
0.445565
0.418141
0.456991
0.360684
0.383994
0.436536
0.509318
0.446095
0.530882
0.429289
0.365090
0.466921
0.471387
0.367165
0.486060
0.487044
0.374884
0.434460
0.312993
0.427047
0.387515
0.292591
0.503958
0.490563
0.418132
0.477372
0.367891
0.451794
0.566976
0.481826
0.434356
0.393411
0.392599
0.321872
0.426343
0.613602
0.433426
0.354252
0.433989
0.441885
0.309847
0.522628
0.495107
0.408332
0.476579
0.313522
0.434228
0.381022
0.440542
0.484319
0.438748
0.264282
0.518489
0.453108
0.381632
0.438735
0.427277
0.486071
0.518041
0.429359
0.385454
0.585248
0.305732
0.393822
0.390089
0.472004
0.293925
0.474996
0.499207
0.448510
0.463876
0.508114
0.469616
0.401239
0.553386
0.511074
0.491843
0.330926
0.366477
0.475805
0.502388
0.422907
0.494126
0.495118
0.408101
0.414030
0.436309
0.492317
0.405145
0.393175
0.394768
0.462644
0.405285
0.486611
0.536689
0.392070
0.471837
0.416133
0.339024
0.490338
0.492664
0.468701
0.472511
0.435592
0.443206
0.483871
0.361237
0.447319
0.520149
0.503744
0.512312
0.509355
0.477794
0.398588
0.423001
0.533624
0.331621
0.490536
0.345344
0.462169
0.558853
0.439398
0.393940
0.404278
0.359567
0.442055
0.445955
0.371495
0.420993
0.409241
0.663578
0.428086
0.433616
0.311279
0.421204
0.410825
0.448479
0.477452
0.333277
0.446296
0.314239
0.390923
0.449573
0.460512
0.454515
0.492167
0.473748
0.405867
0.461957
0.519655
0.471700
0.470548
0.341582
0.404256
0.474141
0.416105
0.445643
0.421947
0.479096
0.342564
0.359869
0.447364
0.443165
0.548508
0.416837
0.436182
0.525264
0.398146
0.354078
0.445122
0.510543
0.485536
0.455870
0.418111
0.555396
0.430816
0.523548
0.446113
0.444316
0.437131
0.373733
0.509336
0.455066
0.520565
0.433802
0.293718
0.497400
0.453443
0.478111
0.490574
0.463893
0.474967
0.388598
0.386715
0.464647
0.467336
0.454781
0.479671
0.428437
0.439645
0.349757
0.443493
0.459623
0.450900
0.467863
0.496525
0.433871
0.500265
0.495985
0.478831
0.426482
0.476929
0.548469
0.432446
0.511469
0.344172
0.403421
0.408533
0.374153
0.495962
0.510576
0.454744
0.508188
0.370080
0.377167
0.629592
0.435264
0.404093
0.411427
0.419894
0.560541
0.506234
0.370448
0.407182
0.441638
0.320502
0.447167
0.503567
0.352659
0.376316
0.469359
0.352758
0.497951
0.446158
0.421341
0.439550
0.445820
0.388788
0.434513
0.515745
0.517825
0.508400
0.442104
0.513346
0.497359
0.450026
0.500729
0.464005
0.482791
0.476260
0.387380
0.499035
0.444208
0.464947
0.405429
0.572087
0.422776
0.385213
0.465158
0.439822
0.469101
0.473169
0.428356
0.336982
0.376046
0.347002
0.435759
0.460697
0.543357
0.415847
0.473338
0.403586
0.423459
0.417496
0.446784
0.391521
0.378758
0.396238
0.494396
0.451677
0.277706
0.441895
0.450861
0.445723
0.439747
0.452128
0.455899
0.404399
0.436664
0.459867
0.445624
0.435309
0.474252
0.424004
0.520336
0.487225
0.318064
0.453295
0.473672
0.495571
0.464070
0.419735
0.420791
0.439708
0.492103
0.430367
0.412281
0.470372
0.451495
0.361778
0.646344
0.335942
0.450498
0.459299
0.424608
0.374237
0.456072
0.434937
0.416545
0.358136
0.343639
0.417249
0.460866
0.468500
0.479098
0.434420
0.487888
0.508281
0.455099
0.496641
0.386042
0.479142
0.431722
0.519073
0.468362
0.471474
0.436143
0.387047
0.433851
0.395424
0.437791
0.377128
0.480410
0.459980
0.459947
0.354986
0.392398
0.439469
0.470316
0.425455
0.432719
0.460274
0.431268
0.446489
0.359625
0.426614
0.369668
0.400398
0.477906
0.320209
0.545762
0.428687
0.379242
0.324008
0.444880
0.436286
0.344782
0.418881
0.482478
0.466233
0.428027
0.453051
0.394681
0.430374
0.453876
0.517067
0.378720
0.340845
0.371044
0.400174
0.394343
0.439608
0.456485
0.430934
0.397770
0.509295
0.517796
0.395007
0.382562
0.525399
0.387979
0.449078
0.516676
0.418265
0.443373
0.284090
0.538712
0.567165
0.479255
0.467353
0.487743
0.400058
0.398948
0.440751
0.432785
0.520040
0.433232
0.321320
0.541812
0.510591
0.472570
0.338580
0.433654
0.490477
0.774282
0.466843
0.357501
0.342436
0.426671
0.464057
0.501389
0.394898
0.453019
0.344174
0.486528
0.501520
0.401152
0.469749
0.508303
0.330165
0.476714
0.434097
0.474042
0.441278
0.452812
0.450299
0.449907
0.409384
0.418159
0.360367
0.335813
0.464927
0.374245
0.491407
0.574451
0.425992
0.488383
0.417490
0.412114
0.363072
0.349193
0.503128
0.513450
0.417487
0.512843
0.377673
0.308204
0.519601
0.420730
0.423339
0.547757
0.489510
0.463642
0.439771
0.439372
0.441736
0.439475
0.496954
0.492888
0.438443
0.463030
0.328494
0.480797
0.404713
0.408436
0.380262
0.521125
0.508418
0.448990
0.490185
0.326236
0.420404
0.445901
0.491817
0.377149
0.419805
0.425402
0.445284
0.516076
0.395757
0.498819
0.448514
0.456881
0.487926
0.540038
0.468540
0.430155
0.407359
0.430047
0.409222
0.419520
0.405660
0.452172
0.564583
0.539211
0.357068
0.323338
0.521702
0.505272
0.749783
0.479625
0.416361
0.452177
0.512451
0.345189
0.471228
0.496865
0.464856
0.383147
0.514315
0.462840
0.476559
0.472055
0.432498
0.444303
0.517571
0.408570
0.401644
0.428702
0.468677
0.439620
0.524651
0.459887
0.424112
0.329794
0.463192
0.477802
0.428976
0.491639
0.468500
0.423292
0.280751
0.429484
0.317612
0.494522
0.431644
0.428400
0.450755
0.390269
0.543263
0.405186
0.363386
0.561120
0.339006
0.403368
0.363043
0.541245
0.489413
0.439213
0.472567
0.448838
0.417893
0.473059
0.299411
0.435311
0.441223
0.364173
0.496413
0.347850
0.421557
0.478222
0.518061
0.441657
0.358804
0.470007
0.464062
0.436422
0.405112
0.509392
0.319914
0.480934
0.452570
0.492509
0.343517
0.516712
0.399194
0.424844
0.356687
0.443631
0.464743
0.483474
0.513352
0.417344
0.507377
0.459667
0.482071
0.424751
0.394428
0.444351
0.523701
0.482199
0.352671
0.470656
0.388821
0.677508
0.491983
0.384657
0.346812
0.437177
0.448834
0.435022
0.510688
0.505399
0.543531
0.413457
0.477532
0.506467
0.286349
0.394707
0.476064
0.509248
0.486224
0.466403
0.444971
0.514502
0.453452
0.449476
0.494092
0.573163
0.430147
0.533297
0.454344
0.441506
0.456142
0.468015
0.439500
0.445169
0.414959
0.464729
0.395286
0.433623
0.546722
0.510498
0.374837
0.541203
0.444260
0.418662
0.361789
0.464086
0.520873
0.487403
0.498758
0.428145
0.410966
0.468035
0.499906
0.406060
0.467002
0.507871
0.431585
0.379863
0.481838
0.424787
0.427552
0.444665
0.517026
0.457619
0.445681
0.459875
0.442697
0.540839
0.384909
0.475350
0.392498
0.330632
0.470964
0.316941
0.416649
0.325184
0.471144
0.395019
0.304792
0.418844
0.454296
0.486539
0.448204
0.424094
0.477274
0.464406
0.495178
0.426895
0.472604
0.499588
0.345089
0.487237
0.451609
0.501369
0.400225
0.420016
0.593953
0.515936
0.503942
0.455401
0.349584
0.472169
0.399387
0.500986
0.427751
0.461732
0.531636
0.435704
0.400705
0.362632
0.344920
0.402391
0.434193
0.309904
0.401044
0.522771
0.471623
0.437729
0.366959
0.473288
0.537125
0.441223
0.480072
0.436719
0.416270
0.332004
0.349591
0.429329
0.425118
0.421272
0.424676
0.423895
0.321817
0.474783
0.382383
0.394369
0.513380
0.490024
0.343454
0.446080
0.390505
0.481528
0.422221
0.421626
0.393546
0.526647
0.489545
0.414666
0.452716
0.479232
0.409800
0.455077
0.502047
0.412690
0.407732
0.426492
0.330912
0.442892
0.414400
0.452205
0.356723
0.510718
0.409930
0.305019
0.446049
0.442570
0.376231
0.356917
0.409719
0.482641
0.440274
0.350002
0.530757
0.554514
0.411757
0.446424
0.413664
0.431037
0.456631
0.306306
0.538376
0.416476
0.437358
0.446540
0.412386
0.439388
0.543376
0.344559
0.470989
0.381410
0.467557
0.730081
0.475699
0.398769
0.426120
0.449330
0.364940
0.459224
0.342395
0.368125
0.453031
0.432411
0.399520
0.486983
0.364823
0.397325
0.328124
0.447358
0.351253
0.527002
0.500487
0.533049
0.417255
0.440428
0.394608
0.518029
0.391418
0.501404
0.485007
0.315519
0.462401
0.477658
0.439544
0.363205
0.459738
0.387463
0.448296
0.439285
0.445479
0.380889
0.398764
0.397851
0.419987
0.471305
0.431077
0.449826
0.432304
0.376032
0.449396
0.411518
0.430169
0.538377
0.342214
0.499081
0.499129
0.334488
0.423053
0.501932
0.374053
0.464896
0.384253
0.393653
0.496556
0.420053
0.408742
0.439989
0.469382
0.394293
0.374103
0.536844
0.426762
0.419441
0.448451
0.610404
0.436235
0.576073
0.445488
0.487385
0.539968
0.406109
0.486631
0.440264
0.514564
0.436186
0.444011
0.504985
0.470461
0.410377
0.413785
0.323151
0.478711
0.440088
0.485033
0.394694
0.397747
0.428450
0.694700
0.486176
0.341055
0.534169
0.482084
0.413716
0.450105
0.425964
0.468742
0.445979
0.372154
0.422915
0.389558
0.329309
0.499359
0.412835
0.381625
0.401055
0.484146
0.517125
0.472113
0.345425
0.453018
0.470931
0.466088
0.380787
0.506795
0.374440
0.486924
0.425893
0.335252
0.442100
0.503102
0.510297
0.490491
0.466369
0.401856
0.501238
0.446349
0.497579
0.418032
0.407893
0.390939
0.394500
0.480502
0.388074
0.492819
0.461221
0.416849
0.470130
0.359207
0.365419
0.348181
0.552438
0.385860
0.413426
0.416596
0.410442
0.442485
0.419227
0.385205
0.438784
0.455087
0.462285
0.387339
0.542906
0.424709
0.294756
0.364022
0.578404
0.459909
0.350981
0.434498
0.412999
0.436089
0.513023
0.438506
0.373950
0.394408
0.435830
0.555210
0.366760
0.435168
0.500013
0.443020
0.413190
0.410928
0.497229
0.376339
0.470670
0.534087
0.341971
0.431720
0.428183
0.337293
0.633964
0.466749
0.423778
0.405548
0.459312
0.502511
0.429759
0.413278
0.403484
0.419348
0.478196
0.399469
0.576500
0.346440
0.417774
0.473342
0.407551
0.417526
0.429198
0.454939
0.381111
0.458161
0.440944
0.565183
0.480376
0.372169
0.520273
0.425678
0.385506
0.494529
0.390244
0.467492
0.465027
0.397678
0.448949
0.384010
0.437334
0.347330
0.480571
0.388158
0.436877
0.431845
0.289004
0.547056
0.301562
0.451705
0.348672
0.435269
0.327815
0.470567
0.377971
0.425455
0.429166
0.410269
0.432170
0.501061
0.378277
0.517712
0.359459
0.448811
0.421742
0.440138
0.478192
0.406066
0.417062
0.392955
0.423528
0.422566
0.464489
0.335364
0.435171
0.314497
0.475984
0.405892
0.418645
0.379351
0.466713
0.420143
0.399571
0.413554
0.598694
0.447145
0.467250
0.465803
0.430615
0.466194
0.533453
0.530502
0.455096
0.388929
0.428726
0.411805
0.479383
0.382322
0.449210
0.592673
0.507094
0.534345
0.415947
0.414086
0.501143
0.391521
0.341447
0.447853
0.364291
0.481641
0.364614
0.514036
0.405650
0.421277
0.471165
0.449030
0.431236
0.393934
0.357205
0.441739
0.577359
0.531165
0.446802
0.371822
0.385382
0.442483
0.479159
0.436273
0.427675
0.445299
0.328367
0.472333
0.435978
0.478938
0.290609
0.411826
0.447732
0.479969
0.362116
0.400001
0.441533
0.494725
0.467898
0.321274
0.506569
0.553733
0.473865
0.367899
0.489871
0.439289
0.399855
0.337468
0.409530
0.393779
0.456702
0.504707
0.416669
0.424440
0.433407
0.510531
0.430127
0.416769
0.328268
0.416888
0.392766
0.375824
0.509908
0.420375
0.443960
0.514538
0.488624
0.567343
0.470332
0.456335
0.381592
0.408433
0.503312
0.412180
0.394109
0.471447
0.448340
0.377609
0.448451
0.480726
0.382120
0.543519
0.472079
0.509803
0.381962
0.408077
0.331755
0.356195
0.483213
0.470955
0.564851
0.442203
0.447572
0.470091
0.393495
0.398310
0.492509
0.417139
0.397718
0.468905
0.543726
0.445692
0.432278
0.383923
0.346667
0.463201
0.491905
0.360280
0.445845
0.396907
0.460697
0.372901
0.357695
0.448358
0.421389
0.456989
0.372029
0.429287
0.516158
0.537284
0.467402
0.502439
0.402990
0.428772
0.392523
0.461469
0.406251
0.476737
0.419322
0.440931
0.457318
0.409222
0.436597
0.441296
0.467478
0.577469
0.434352
0.381085
0.451345
0.414085
0.451066
0.366295
0.364190
0.477904
0.452162
0.462933
0.483683
0.434313
0.419617
0.467943
0.374119
0.455940
0.452370
0.438349
0.405503
0.450132
0.447785
0.418806
0.444804
0.468068
0.409507
0.299653
0.415662
0.394802
0.494094
0.403644
0.395657
0.465370
0.338687
0.408759
0.423593
0.445685
0.407484
0.352720
0.404845
0.410186
0.428915
0.483732
0.460292
0.386765
0.336965
0.473853
0.445544
0.355614
0.509468
0.746466
0.361001
0.449768
0.480674
0.457954
0.390159
0.516015
0.345259
0.466045
0.379366
0.457900
0.502515
0.460990
0.543527
0.468154
0.476258
0.512427
0.423474
0.369330
0.408877
0.400798
0.367456
0.382928
0.415245
0.417119
0.462085
0.399419
0.412690
0.514207
0.339648
0.434568
0.427827
0.553128
0.393589
0.319963
0.379388
0.407000
0.453057
0.515718
0.389845
0.450597
0.484838
0.464201
0.414093
0.384703
0.458565
0.394164
0.298467
0.422269
0.462158
0.344200
0.402631
0.418369
0.414002
0.413738
0.445862
0.335286
0.382823
0.498631
0.392180
0.522765
0.347924
0.345769
0.419296
0.485349
0.538655
0.431898
0.441755
0.424923
0.549964
0.512886
0.412621
0.432621
0.454743
0.291934
0.459127
0.460036
0.391761
0.449922
0.445078
0.504662
0.398847
0.369419
0.384336
0.500937
0.433409
0.513317
0.367897
0.511028
0.487203
0.458911
0.353168
0.365863
0.389809
0.407632
0.630795
0.498828
0.296834
0.384623
0.445567
0.322460
0.432115
0.362552
0.417357
0.404635
0.451348
0.489833
0.455561
0.503961
0.481796
0.399938
0.441518
0.498049
0.469838
0.463895
0.423691
0.415207
0.475902
0.303915
0.463824
0.507459
0.394455
0.308349
0.469945
0.460807
0.530452
0.463379
0.384490
0.298268
0.404164
0.504272
0.376962
0.466007
0.399211
0.503502
0.506734
0.429146
0.422879
0.459138
0.373466
0.341400
0.455786
0.358411
0.419981
0.497636
0.355199
0.452015
0.499564
0.472393
0.384431
0.360895
0.450012
0.541554
0.478184
0.389772
0.524563
0.343551
0.347850
0.424683
0.368050
0.404245
0.445277
0.460049
0.417288
0.420659
0.550359
0.495395
0.441729
0.341110
0.368752
0.503753
0.408272
0.478780
0.337001
0.492526
0.409792
0.515114
0.434180
0.417221
0.432757
0.431764
0.454455
0.510450
0.399237
0.390882
0.444576
0.389895
0.332758
0.456769
0.405204
0.573449
0.399023
0.505495
0.342756
0.366608
0.444383
0.296920
0.517197
0.363912
0.310035
0.395286
0.447579
0.491392
0.382151
0.396022
0.514276
0.405239
0.464477
0.355023
0.280000
0.400700
0.349106
0.530142
0.452292
0.478154
0.473732
0.380266
0.388600
0.474968
0.385158
0.467036
0.430403
0.391906
0.450803
0.458852
0.527821
0.378444
0.405190
0.466630
0.447992
0.416262
0.362913
0.325626
0.428322
0.447290
0.454092
0.458055
0.475571
0.472918
0.496605
0.384887
0.483020
0.307617
0.427401
0.426543
0.436365
0.361295
0.576201
0.299842
0.462232
0.508508
0.426639
0.494292
0.433582
0.443857
0.465335
0.441301
0.444824
0.425475
0.419420
0.449731
0.448366
0.372613
0.384179
0.484464
0.409610
0.449274
0.405588
0.445945
0.502895
0.394858
0.460024
0.409489
0.357849
0.485772
0.419496
0.394797
0.337289
0.420236
0.389126
0.465822
0.332904
0.511956
0.505012
0.471368
0.687448
0.341828
0.466674
0.412473
0.479608
0.420933
0.466668
0.445707
0.468826
0.500556
0.504106
0.375197
0.451489
0.350589
0.538777
0.408202
0.462443
0.359426
0.431634
0.371102
0.346647
0.399557
0.407179
0.374291
0.478834
0.413498
0.475521
0.319764
0.399430
0.427632
0.461835
0.432129
0.349460
0.412071
0.444342
0.450090
0.379672
0.428779
0.496793
0.502667
0.419732
0.423637
0.448343
0.359803
0.385489
0.495481
0.455067
0.397964
0.463018
0.429505
0.414289
0.395885
0.405171
0.511146
0.402869
0.446903
0.484957
0.449553
0.515330
0.271399
0.442233
0.379501
0.415849
0.449786
0.428595
0.479702
0.418326
0.301503
0.442759
0.498762
0.389698
0.424329
0.401095
0.389300
0.507347
0.479266
0.435545
0.431580
0.487971
0.473353
0.297870
0.430605
0.471257
0.469976
0.517899
0.483146
0.431422
0.370624
0.463225
0.448262
0.510697
0.476105
0.409474
0.490772
0.434636
0.709291
0.463968
0.284242
0.475356
0.504624
0.351870
0.464860
0.396761
0.493795
0.366757
0.454735
0.417349
0.422482
0.491115
0.455147
0.408356
0.446649
0.427095
0.432828
0.398654
0.354113
0.408354
0.354837
0.385147
0.486531
0.461961
0.375482
0.423092
0.473194
0.470684
0.532074
0.363964
0.391309
0.411941
0.367063
0.511777
0.457580
0.464772
0.423782
0.422454
0.477293
0.503760
0.336405
0.543900
0.471813
0.429543
0.446616
0.385455
0.251305
0.408759
0.472640
0.347443
0.501835
0.452093
0.501453
0.503808
0.481002
0.345127
0.466912
0.451889
0.316391
0.375510
0.488265
0.424023
0.473943
0.382602
0.440798
0.409136
0.402423
0.390672
0.459484
0.483041
0.484344
0.436380
0.522047
0.543786
0.401179
0.354011
0.453530
0.430731
0.404926
0.406672
0.442944
0.482078
0.358955
0.515692
0.416914
0.423115
0.511334
0.473022
0.445587
0.388060
0.387127
0.371547
0.396178
0.663405
0.412219
0.377316
0.509046
0.433557
0.392365
0.385108
0.452330
0.365432
0.514311
0.495332
0.485980
0.401098
0.440862
0.401907
0.420475
0.328716
0.454756
0.507948
0.431606
0.402347
0.439827
0.404347
0.398647
0.414517
0.470944
0.436468
0.472443
0.526427
0.575089
0.544783
0.501929
0.439864
0.431131
0.452946
0.383326
0.379886
0.456589
0.450523
0.316453
0.418806
0.437282
0.457499
0.406612
0.303125
0.359460
0.337683
0.408801
0.431565
0.430071
0.470972
0.412941
0.436023
0.451520
0.452418
0.397981
0.479268
0.319650
0.527332
0.349552
0.446558
0.519392
0.357528
0.420318
0.415878
0.466685
0.427588
0.455673
0.446728
0.465340
0.364659
0.382065
0.470481
0.340788
0.343085
0.385004
0.433866
0.458516
0.447037
0.436759
0.490243
0.373265
0.394915
0.363470
0.379582
0.393252
0.367601
0.502798
0.371079
0.420263
0.425033
0.326151
0.396190
0.480709
0.477660
0.564909
0.411867
0.418667
0.359210
0.359859
0.492598
0.432231
0.341430
0.543963
0.448531
0.477262
0.456804
0.315032
0.453119
0.356410
0.402010
0.480304
0.502859
0.436637
0.481897
0.421537
0.475902
0.478833
0.416472
0.472670
0.498270
0.434449
0.319670
0.517867
0.416775
0.377457
0.457849
0.410102
0.545261
0.445821
0.458411
0.368069
0.295138
0.465586
0.504041
0.385236
0.469122
0.433645
0.447736
0.377683
0.481806
0.343096
0.482112
0.421547
0.391299
0.566782
0.361248
0.405663
0.466454
0.438505
0.497905
0.387124
0.394254
0.375869
0.453413
0.389588
0.412880
0.466475
0.427878
0.506853
0.439378
0.479399
0.423189
0.447750
0.265016
0.377900
0.399637
0.381776
0.431637
0.367765
0.349853
0.392931
0.428945
0.360913
0.413160
0.427510
0.462629
0.420635
0.404464
0.335357
0.387515
0.476600
0.412094
0.480341
0.420074
0.485883
0.452509
0.395444
0.385363
0.443717
0.797033
0.408493
0.408241
0.430541
0.410006
0.413572
0.426939
0.412682
0.467135
0.470578
0.468006
0.487548
0.440005
0.348126
0.369541
0.444167
0.421993
0.409744
0.325400
0.422617
0.407139
0.488772
0.348670
0.438524
0.418030
0.465637
0.453533
0.500166
0.398615
0.420171
0.508532
0.351078
0.364308
0.468460
0.493438
0.415531
0.434630
0.475074
0.428569
0.512415
0.488841
0.369876
0.458166
0.469512
0.473736
0.465103
0.490626
0.480477
0.451301
0.480563
0.477792
0.492196
0.425098
0.423335
0.452545
0.274226
0.330086
0.416431
0.345440
0.417322
0.482510
0.481566
0.521395
0.435818
0.448438
0.525900
0.291677
0.397099
0.501795
0.327121
0.370519
0.354513
0.412652
0.371539
0.374220
0.337638
0.412432
0.436402
0.466569
0.438791
0.440929
0.453241
0.413275
0.336973
0.514544
0.494819
0.443653
0.334079
0.375107
0.364762
0.416220
0.465493
0.425062
0.435461
0.255567
0.604159
0.402636
0.388315
0.431382
0.445530
0.479620
0.410385
0.462384
0.378842
0.413444
0.473728
0.488487
0.368664
0.353392
0.377509
0.408318
0.470539
0.442673
0.470390
0.458296
0.401885
0.424218
0.470447
0.506485
0.423295
0.502209
0.444785
0.487052
0.405019
0.450740
0.300652
0.301911
0.385344
0.346515
0.428887
0.399998
0.368226
0.358164
0.439244
0.501382
0.425244
0.309419
0.467722
0.447229
0.491921
0.390536
0.498440
0.485138
0.472300
0.543166
0.430488
0.303748
0.390262
0.406989
0.404961
0.385017
0.450176
0.510240
0.377408
0.445142
0.415721
0.466427
0.300527
0.462239
0.417420
0.533230
0.425168
0.396345
0.330549
0.335218
0.424342
0.441323
0.415684
0.284094
0.379992
0.413474
0.482821
0.443350
0.433837
0.505083
0.373067
0.358798
0.519546
0.430405
0.405807
0.486348
0.419569
0.436336
0.371693
0.457919
0.498757
0.415919
0.483762
0.457075
0.484247
0.666749
0.446064
0.374222
0.467129
0.457134
0.428606
0.384332
0.474199
0.477423
0.434045
0.370631
0.415209
0.418317
0.461767
0.431154
0.363583
0.459030
0.470761
0.489534
0.395922
0.380137
0.469562
0.389754
0.489657
0.373196
0.447125
0.431594
0.385549
0.359890
0.421310
0.437842
0.521996
0.499311
0.396243
0.435457
0.342816
0.268346
0.451443
0.383125
0.469785
0.429853
0.342128
0.460630
0.446619
0.411012
0.390437
0.511055
0.401658
0.408089
0.460573
0.400418
0.387133
0.387947
0.528844
0.498316
0.398591
0.444979
0.437187
0.441796
0.443212
0.424173
0.397321
0.339193
0.429467
0.474015
0.426334
0.477953
0.417616
0.390317
0.448062
0.353581
0.413430
0.403935
0.471044
0.380538
0.409852
0.425011
0.423660
0.495776
0.500405
0.468132
0.491813
0.490501
0.464202
0.431227
0.394672
0.411486
0.379039
0.461715
0.317607
0.491501
0.465380
0.409233
0.298037
0.357901
0.594647
0.436721
0.406368
0.385153
0.384068
0.452808
0.390257
0.443976
0.478729
0.469566
0.394369
0.365588
0.340816
0.374540
0.366529
0.396250
0.390406
0.335710
0.395702
0.420712
0.452364
0.545310
0.343103
0.342455
0.465407
0.315408
0.301794
0.426424
0.475248
0.416474
0.467070
0.357585
0.416981
0.494750
0.370446
0.518992
0.455684
0.496283
0.391856
0.493305
0.416946
0.332885
0.365377
0.428911
0.307931
0.400423
0.430666
0.491187
0.514356
0.367865
0.464992
0.368907
0.343795
0.425964
0.396226
0.480364
0.496056
0.461419
0.484386
0.438982
0.441585
0.401346
0.464680
0.491736
0.401945
0.349195
0.434202
0.404605
0.425711
0.410861
0.488932
0.364666
0.536499
0.560055
0.411090
0.428698
0.511785
0.349302
0.466837
0.447694
0.407332
0.443313
0.361461
0.400639
0.387956
0.384077
0.438076
0.410121
0.426350
0.440238
0.361721
0.517245
0.347281
0.473085
0.420950
0.659117
0.312026
0.392034
0.375994
0.452848
0.353712
0.353671
0.354279
0.540027
0.501436
0.427557
0.480648
0.420300
0.459358
0.431185
0.425442
0.396912
0.472841
0.419154
0.479511
0.444859
0.328389
0.378902
0.375204
0.416785
0.382982
0.394972
0.353124
0.378789
0.428518
0.331589
0.395544
0.506399
0.399356
0.381194
0.416142
0.377549
0.390041
0.374097
0.421343
0.581411
0.361070
0.302795
0.433227
0.432809
0.546253
0.466426
0.396657
0.337870
0.430420
0.342307
0.428869
0.399109
0.406800
0.437735
0.321544
0.493926
0.435170
0.410873
0.421788
0.400427
0.450649
0.505424
0.300106
0.418620
0.427558
0.533238
0.495759
0.484841
0.394127
0.434283
0.474923
0.505435
0.316941
0.380126
0.512322
0.395641
0.507687
0.492370
0.390776
0.387969
0.416990
0.427897
0.507987
0.351475
0.431348
0.460491
0.507178
0.514625
0.412155
0.338949
0.468197
0.377788
0.394299
0.521427
0.605323
0.366474
0.493193
0.444060
0.483296
0.374401
0.405964
0.419844
0.426042
0.461252
0.369134
0.360285
0.414477
0.450397
0.491839
0.447852
0.418211
0.446046
0.430757
0.480337
0.337238
0.479660
0.432469
0.461982
0.530490
0.419096
0.339884
0.515446
0.428125
0.482562
0.429430
0.401656
0.332773
0.406335
0.482202
0.444951
0.406942
0.435567
0.427077
0.410158
0.396024
0.392066
0.474855
0.374317
0.450012
0.368065
0.325869
0.412894
0.461398
0.399391
0.504241
0.355592
0.447626
0.359558
0.381059
0.305736
0.327645
0.416122
0.434599
0.281500
0.464901
0.406369
0.373420
0.475519
0.437247
0.406996
0.431727
0.353387
0.469979
0.335551
0.458192
0.426400
0.472498
0.502166
0.481319
0.466991
0.382461
0.515904
0.491213
0.510853
0.401967
0.465904
0.494589
0.325724
0.524928
0.449053
0.418221
0.314553
0.422392
0.332141
0.423643
0.336035
0.545462
0.458698
0.311588
0.605209
0.442259
0.383238
0.443852
0.459104
0.436158
0.382437
0.488644
0.340486
0.403859
0.453513
0.421639
0.346074
0.364045
0.374830
0.382072
0.351955
0.467489
0.392528
0.485437
0.456098
0.376443
0.431405
0.468990
0.526423
0.405711
0.445422
0.431667
0.469794
0.486027
0.447048
0.351776
0.461482
0.438040
0.470562
0.374948
0.453541
0.434101
0.469354
0.434203
0.369831
0.486682
0.416981
0.453858
0.417193
0.433800
0.415286
0.382401
0.385204
0.316596
0.421219
0.314991
0.393546
0.422891
0.422457
0.421077
0.435390
0.383363
0.439925
0.521865
0.343525
0.480119
0.441585
0.457535
0.462314
0.436724
0.412616
0.380608
0.402202
0.396226
0.407890
0.350087
0.474494
0.486336
0.388527
0.444562
0.417249
0.311686
0.420727
0.374846
0.361347
0.444778
0.435905
0.419038
0.337045
0.323092
0.480981
0.360488
0.256561
0.398912
0.387641
0.463859
0.427858
0.465567
0.476856
0.617372
0.483732
0.397105
0.507836
0.423592
0.259257
0.488253
0.399674
0.371295
0.389134
0.463883
0.482031
0.387433
0.396851
0.400394
0.407679
0.428525
0.431003
0.405015
0.481448
0.383000
0.394141
0.312406
0.521790
0.385566
0.409869
0.354393
0.442709
0.418898
0.470981
0.458900
0.414684
0.408941
0.421123
0.412673
0.354525
0.465579
0.389876
0.408057
0.386102
0.420379
0.537627
0.497446
0.374371
0.429469
0.417421
0.392087
0.403556
0.431928
0.357309
0.414556
0.454663
0.372449
0.412326
0.463516
0.383690
0.405692
0.387499
0.311189
0.530999
0.323952
0.421865
0.444623
0.463136
0.328734
0.541076
0.414364
0.548608
0.317898
0.314981
0.389816
0.365602
0.409969
0.415938
0.447147
0.484187
0.390839
0.432766
0.361920
0.472705
0.361253
0.444514
0.432428
0.332159
0.435661
0.405605
0.439193
0.487659
0.403697
0.369814
0.328244
0.423705
0.422230
0.443828
0.397667
0.585858
0.422970
0.441791
0.397793
0.473367
0.396506
0.415130
0.437762
0.487655
0.394070
0.447050
0.370442
0.352724
0.409841
0.434592
0.359342
0.280093
0.508505
0.407051
0.384777
0.480125
0.438491
0.322541
0.483310
0.390985
0.463842
0.372626
0.410520
0.395509
0.479796
0.451169
0.466925
0.405570
0.454132
0.395314
0.464486
0.454583
0.498763
0.433090
0.406200
0.462008
0.417155
0.425792
0.474020
0.475389
0.447745
0.392735
0.448224
0.435454
0.402621
0.411626
0.446038
0.333610
0.442311
0.404229
0.425990
0.472218
0.497265
0.393264
0.445683
0.434364
0.441220
0.379905
0.499047
0.437889
0.434318
0.358449
0.418149
0.404661
0.378009
0.398323
0.424755
0.471502
0.415641
0.346218
0.479997
0.429769
0.420691
0.459632
0.320540
0.490302
0.417471
0.382491
0.448132
0.377391
0.337803
0.426008
0.510509
0.474711
0.395133
0.414839
0.349969
0.322686
0.470187
0.517753
0.566050
0.380568
0.423160
0.361619
0.376184
0.511806
0.357237
0.462741
0.356790
0.440901
0.407487
0.351549
0.400948
0.329150
0.427347
0.428202
0.461843
0.498191
0.464001
0.424696
0.444697
0.418353
0.420848
0.339474
0.408943
0.399354
0.435490
0.436085
0.366244
0.476025
0.524817
0.490502
0.434188
0.457153
0.437344
0.371311
0.430265
0.506774
0.380671
0.389251
0.414539
0.502457
0.401864
0.451830
0.470811
0.375174
0.484861
0.457394
0.435931
0.439238
0.456902
0.416840
0.468429
0.393085
0.445456
0.431326
0.466961
0.419635
0.460141
0.441242
0.475780
0.456250
0.455741
0.405217
0.487816
0.403895
0.392345
0.423531
0.447251
0.395775
0.458230
0.503776
0.307372
0.465831
0.371798
0.473569
0.378635
0.302803
0.376181
0.469121
0.361194
0.400698
0.362583
0.346785
0.470075
0.522586
0.318534
0.382358
0.430075
0.358950
0.384763
0.436004
0.422799
0.481187
0.421265
0.647705
0.446047
0.483672
0.383230
0.441987
0.404551
0.455964
0.396794
0.481984
0.362847
0.298793
0.502800
0.473861
0.370675
0.332651
0.425622
0.437867
0.441789
0.390207
0.433498
0.376304
0.492912
0.420594
0.397639
0.540193
0.438221
0.405138
0.422462
0.411528
0.395828
0.461352
0.431590
0.385909
0.396458
0.476187
0.481417
0.434313
0.505896
0.451480
0.410587
0.402629
0.281114
0.480946
0.468941
0.476110
0.397615
0.444411
0.410194
0.410391
0.399968
0.419509
0.462783
0.404773
0.361609
0.503231
0.434375
0.282548
0.304423
0.469586
0.409133
0.285168
0.328957
0.329019
0.354378
0.495392
0.384648
0.492007
0.486400
0.422383
0.451613
0.512927
0.485919
0.497657
0.410767
0.366923
0.409706
0.380218
0.459282
0.470725
0.413484
0.328896
0.464678
0.297245
0.431023
0.392961
0.421342
0.523003
0.470292
0.358470
0.394040
0.438978
0.348851
0.304976
0.324727
0.394836
0.652209
0.456310
0.410668
0.361119
0.399207
0.405964
0.495245
0.402570
0.370775
0.477016
0.391129
0.517437
0.420389
0.433175
0.298750
0.403621
0.478969
0.489554
0.417355
0.440115
0.377160
0.354504
0.328173
0.377694
0.416158
0.383944
0.353820
0.404766
0.398930
0.396884
0.366275
0.414590
0.431120
0.447995
0.422519
0.438226
0.360365
0.458339
0.460807
0.332777
0.479898
0.420909
0.380423
0.343848
0.320803
0.401130
0.463158
0.388040
0.390060
0.535636
0.480916
0.430173
0.458100
0.349132
0.395176
0.561171
0.404607
0.459633
0.415093
0.387051
0.367113
0.425810
0.382801
0.508123
0.279745
0.375424
0.434806
0.443016
0.451986
0.460832
0.438729
0.386412
0.409480
0.410553
0.508054
0.440018
0.382564
0.306240
0.423978
0.461611
0.488803
0.387091
0.439588
0.495374
0.420686
0.447521
0.398746
0.362523
0.329619
0.453602
0.423619
0.400026
0.321061
0.412313
0.372771
0.667260
0.474385
0.414438
0.378620
0.439416
0.453848
0.350400
0.444154
0.366715
0.450382
0.422600
0.462232
0.475590
0.387580
0.311114
0.396666
0.457180
0.440899
0.457705
0.343543
0.390358
0.305556
0.329025
0.347604
0.497963
0.347045
0.441733
0.423102
0.419056
0.409365
0.403957
0.419202
0.453753
0.387606
0.330396
0.450170
0.499242
0.345148
0.428702
0.485989
0.409511
0.395908
0.361765
0.443710
0.468125
0.444402
0.358291
0.332983
0.456727
0.360924
0.421642
0.396358
0.402311
0.298573
0.438519
0.421070
0.349413
0.527037
0.477066
0.469330
0.454706
0.339131
0.444653
0.367132
0.365226
0.425341
0.252787
0.409542
0.399015
0.448423
0.424815
0.391804
0.436968
0.471750
0.426577
0.365778
0.453895
0.400587
0.431509
0.397302
0.371764
0.361453
0.485236
0.412805
0.365758
0.542433
0.370119
0.381104
0.330964
0.360968
0.529581
0.430234
0.398244
0.367975
0.443842
0.605242
0.369164
0.432917
0.456547
0.400053
0.453928
0.370209
0.517629
0.392939
0.381429
0.352462
0.333435
0.360373
0.376232
0.494866
0.411329
0.476173
0.514235
0.427560
0.397768
0.431129
0.404873
0.393363
0.370572
0.453507
0.411731
0.410595
0.323642
0.502348
0.401692
0.424132
0.404198
0.486675
0.379597
0.397576
0.331315
0.330961
0.482218
0.325356
0.502915
0.350472
0.368320
0.420844
0.433214
0.396786
0.334295
0.463961
0.447140
0.499188
0.341244
0.443385
0.481355
0.502753
0.435479
0.408874
0.388594
0.297070
0.412835
0.415694
0.451468
0.445403
0.451291
0.352125
0.413975
0.453719
0.428421
0.419800
0.415332
0.331785
0.420797
0.385772
0.428306
0.401205
0.423656
0.432859
0.273441
0.348382
0.467775
0.382139
0.347740
0.353710
0.434738
0.326382
0.372229
0.372213
0.385836
0.462097
0.404473
0.367690
0.386142
0.424197
0.425111
0.393975
0.476070
0.343210
0.570886
0.477285
0.326078
0.383562
0.449707
0.404548
0.323812
0.447990
0.444917
0.418693
0.455091
0.411611
0.461909
0.449964
0.354947
0.356926
0.305302
0.316910
0.473946
0.411498
0.350467
0.398907
0.406599
0.445015
0.505007
0.450490
0.474656
0.391685
0.427449
0.465898
0.421162
0.416064
0.353289
0.418679
0.295501
0.415712
0.456051
0.339004
0.422487
0.482251
0.311732
0.356379
0.419958
0.456916
0.436916
0.459817
0.425673
0.381615
0.430132
0.486133
0.393574
0.456896
0.506843
0.445704
0.428777
0.388290
0.413716
0.433321
0.422529
0.475538
0.493700
0.352671
0.353359
0.355247
0.462082
0.390629
0.392781
0.503123
0.371717
0.416213
0.400173
0.439933
0.422026
0.329078
0.360807
0.368632
0.392076
0.414662
0.414000
0.469378
0.297453
0.443095
0.446614
0.475382
0.400438
0.438496
0.505601
0.413890
0.454813
0.483198
0.418048
0.314907
0.415817
0.452808
0.462203
0.782660
0.390114
0.477189
0.371494
0.418864
0.432037
0.447598
0.421969
0.364667
0.503493
0.463100
0.491892
0.297258
0.418604
0.403245
0.382306
0.415089
0.366473
0.457368
0.430131
0.398851
0.433179
0.399620
0.391899
0.418619
0.262668
0.386576
0.431997
0.378363
0.362281
0.478049
0.427014
0.414022
0.407354
0.431965
0.326971
0.396918
0.439923
0.468248
0.474656
0.417977
0.325932
0.375426
0.324038
0.397847
0.509623
0.393683
0.465788
0.413036
0.366254
0.301289
0.437764
0.402641
0.501900
0.371399
0.462994
0.446670
0.499117
0.373273
0.352407
0.515641
0.391001
0.432414
0.369268
0.463560
0.368145
0.501088
0.389548
0.464442
0.421557
0.422022
0.444138
0.428978
0.381220
0.470837
0.345927
0.480658
0.429252
0.418826
0.393258
0.281722
0.439956
0.297848
0.477658
0.283785
0.429700
0.436908
0.399171
0.394486
0.344688
0.421279
0.422856
0.427379
0.456790
0.475807
0.557612
0.427639
0.442736
0.501243
0.311945
0.478945
0.454849
0.453502
0.493034
0.446667
0.397183
0.381790
0.372871
0.365349
0.385284
0.398724
0.453682
0.393151
0.450550
0.461541
0.452640
0.359026
0.331408
0.365354
0.394024
0.354961
0.366891
0.436906
0.336281
0.261284
0.437612
0.353774
0.357302
0.402164
0.444899
0.453884
0.361812
0.439296
0.403626
0.493242
0.295801
0.412618
0.403920
0.436689
0.378899
0.349546
0.424091
0.427871
0.477954
0.452341
0.476170
0.292457
0.384102
0.504395
0.338819
0.405713
0.349512
0.325954
0.392136
0.393864
0.339711
0.484147
0.449755
0.453914
0.424229
0.333662
0.444697
0.522557
0.351688
0.499819
0.445597
0.417399
0.403757
0.450074
0.528112
0.394052
0.375424
0.509840
0.494369
0.388460
0.365349
0.409647
0.440586
0.419605
0.326066
0.504272
0.447330
0.516629
0.355743
0.368369
0.381895
0.475772
0.436174
0.365534
0.475270
0.676644
0.420775
0.455932
0.330359
0.457523
0.361119
0.419854
0.392329
0.372793
0.394579
0.415422
0.421430
0.343237
0.420630
0.361085
0.439445
0.324906
0.480336
0.379777
0.418511
0.524524
0.408549
0.389126
0.438931
0.442318
0.415109
0.410550
0.325186
0.528826
0.371276
0.441385
0.296423
0.355100
0.437426
0.435438
0.433457
0.380152
0.338713
0.464019
0.300688
0.400086
0.403551
0.416483
0.443426
0.365663
0.405755
0.402709
0.423819
0.432223
0.355092
0.459348
0.397161
0.372295
0.370197
0.392637
0.518203
0.391427
0.513157
0.463877
0.404448
0.416962
0.311879
0.414184
0.439750
0.491726
0.441492
0.402908
0.450347
0.463679
0.473275
0.474093
0.432531
0.451473
0.488943
0.292899
0.391345
0.357596
0.431800
0.308667
0.421891
0.423001
0.297765
0.459482
0.460569
0.499778
0.360695
0.386319
0.434358
0.440204
0.371037
0.424251
0.497450
0.482151
0.457443
0.371888
0.510010
0.374837
0.377739
0.328674
0.391683
0.443994
0.393072
0.443184
0.388874
0.405213
0.470469
0.345234
0.422836
0.467908
0.486214
0.496936
0.426542
0.362991
0.375579
0.341390
0.430435
0.366612
0.394808
0.414072
0.416155
0.428467
0.486943
0.336342
0.398536
0.476008
0.417575
0.322565
0.412580
0.461678
0.403202
0.468527
0.494840
0.361828
0.417240
0.415876
0.470475
0.444814
0.420045
0.483948
0.462700
0.388892
0.475258
0.417577
0.388662
0.442032
0.280554
0.458255
0.366526
0.490895
0.408003
0.411924
0.414344
0.361838
0.344456
0.461315
0.352667
0.505127
0.398141
0.426176
0.433753
0.467163
0.329416
0.429780
0.396068
0.410821
0.401289
0.480759
0.391184
0.304984
0.409644
0.428145
0.392546
0.365405
0.400368
0.387954
0.440294
0.434045
0.440919
0.430618
0.426369
0.368398
0.366297
0.448205
0.413352
0.393836
0.448145
0.289855
0.418446
0.430400
0.453605
0.553734
0.422886
0.345580
0.407211
0.393435
0.497782
0.417422
0.523551
0.369725
0.414386
0.331662
0.336168
0.411634
0.385336
0.419103
0.327203
0.379940
0.360660
0.382035
0.345369
0.334873
0.410148
0.409199
0.407811
0.375404
0.345866
0.508082
0.515467
0.315051
0.388223
0.508242
0.460299
0.324172
0.449745
0.404436
0.396332
0.388535
0.389835
0.454753
0.388653
0.354085
0.503316
0.354639
0.332603
0.390403
0.321928
0.494746
0.400924
0.333822
0.376465
0.399506
0.408453
0.446706
0.495595
0.424391
0.419554
0.425781
0.375093
0.461958
0.410426
0.400940
0.450505
0.477182
0.426433
0.470716
0.422209
0.440273
0.458690
0.454096
0.423581
0.474756
0.310048
0.403350
0.391762
0.433445
0.402277
0.463064
0.413195
0.474179
0.387259
0.412292
0.423564
0.456023
0.394872
0.479724
0.410508
0.442590
0.412937
0.451421
0.441796
0.297892
0.456606
0.425432
0.361317
0.496086
0.458798
0.351434
0.390438
0.472051
0.446605
0.413909
0.441277
0.394944
0.371169
0.406671
0.413723
0.441211
0.449915
0.465967
0.392501
0.417217
0.403226
0.488120
0.394842
0.483803
0.468921
0.386989
0.459720
0.458861
0.399097
0.475794
0.323751
0.426734
0.368801
0.437678
0.360038
0.465191
0.414157
0.360314
0.474111
0.487496
0.466785
0.375572
0.396827
0.455960
0.367768
0.452814
0.421219
0.491990
0.263245
0.432089
0.406508
0.402442
0.314493
0.436619
0.383415
0.451375
0.379943
0.388923
0.407908
0.450414
0.417170
0.409241
0.394200
0.463033
0.431416
0.425810
0.406020
0.395916
0.322510
0.405053
0.456957
0.434601
0.373955
0.426749
0.319590
0.371868
0.413957
0.360205
0.325651
0.415807
0.426389
0.403668
0.385827
0.421183
0.452480
0.382680
0.362688
0.425674
0.407227
0.297689
0.346928
0.454594
0.422965
0.365877
0.399464
0.415562
0.475638
0.303854
0.409369
0.578059
0.463235
0.302702
0.452836
0.406121
0.414367
0.466495
0.394502
0.385553
0.456522
0.372784
0.333009
0.419748
0.405557
0.417522
0.300974
0.346557
0.429400
0.478876
0.449117
0.307716
0.480116
0.374405
0.499767
0.466799
0.327072
0.470977
0.368964
0.422713
0.492160
0.406305
0.332998
0.372994
0.458308
0.458920
0.509229
0.431583
0.377068
0.493435
0.422715
0.351783
0.383155
0.422152
0.369097
0.394411
0.483717
0.536836
0.398640
0.323463
0.461497
0.365641
0.383174
0.419856
0.474326
0.462102
0.436416
0.450025
0.368656
0.468498
0.409234
0.461904
0.377220
0.378197
0.345249
0.416876
0.397927
0.374184
0.362799
0.399148
0.401390
0.351587
0.432043
0.343210
0.419883
0.430245
0.319630
0.454335
0.351604
0.413569
0.377000
0.409387
0.485119
0.453500
0.441563
0.425807
0.443386
0.432010
0.504340
0.409384
0.325184
0.457275
0.464444
0.425841
0.395776
0.436948
0.572940
0.428485
0.374275
0.391756
0.571323
0.347418
0.473822
0.423898
0.292234
0.484063
0.464997
0.469505
0.336835
0.463808
0.422426
0.387917
0.452482
0.395293
0.374068
0.330159
0.479672
0.303314
0.453074
0.475096
0.376299
0.316784
0.470463
0.367358
0.457151
0.293502
0.393252
0.360148
0.450937
0.396448
0.364685
0.505474
0.326760
0.419646
0.515996
0.400574
0.462427
0.294165
0.301157
0.397349
0.432513
0.460997
0.358860
0.347270
0.442649
0.417194
0.521306
0.453675
0.419536
0.417541
0.379091
0.309504
0.408814
0.361849
0.451428
0.398384
0.361736
0.379890
0.351188
0.448474
0.415097
0.450879
0.378818
0.399526
0.413302
0.357657
0.459097
0.457019
0.421848
0.390896
0.394996
0.400957
0.446994
0.481784
0.430424
0.390811
0.374541
0.442284
0.430914
0.446720
0.372968
0.521133
0.451886
0.461054
0.404519
0.376725
0.447712
0.392222
0.345239
0.398247
0.435654
0.592889
0.415737
0.536247
0.389450
0.393767
0.409642
0.494696
0.401112
0.312511
0.386228
0.456449
0.455878
0.380263
0.446661
0.448311
0.441571
0.361735
0.449138
0.450762
0.345735
0.426376
0.419153
0.400593
0.304554
0.417433
0.369952
0.362944
0.335383
0.396130
0.427868
0.325454
0.385641
0.443001
0.389926
0.384071
0.396353
0.492503
0.389258
0.432478
0.385054
0.306052
0.389309
0.463269
0.359142
0.386818
0.448765
0.382247
0.351764
0.441340
0.327199
0.469761
0.239960
0.354443
0.393038
0.424265
0.369971
0.313864
0.339587
0.453495
0.371705
0.365216
0.429163
0.449208
0.401628
0.439763
0.455273
0.355737
0.432623
0.449722
0.412342
0.365189
0.422993
0.397861
0.521382
0.384182
0.315570
0.340177
0.404703
0.412748
0.321006
0.419041
0.390934
0.404595
0.448239
0.464086
0.436503
0.503365
0.363201
0.464500
0.399928
0.453262
0.365427
0.416763
0.369350
0.398701
0.672889
0.438142
0.355940
0.475066
0.383018
0.399678
0.388414
0.485888
0.379944
0.331418
0.321573
0.415440
0.356143
0.498346
0.419879
0.336838
0.383455
0.340431
0.455107
0.363584
0.457718
0.438891
0.397080
0.436711
0.409789
0.312085
0.439242
0.354379
0.380873
0.404438
0.299921
0.434768
0.410330
0.425602
0.450071
0.406089
0.441306
0.356301
0.321345
0.410300
0.399241
0.404938
0.479228
0.366161
0.453523
0.428208
0.462026
0.418284
0.348471
0.496220
0.415811
0.371460
0.356787
0.400114
0.429777
0.395543
0.402433
0.476806
0.290058
0.378475
0.409945
0.432606
0.446712
0.310505
0.471864
0.352669
0.479691
0.425641
0.437309
0.429597
0.386714
0.414266
0.357786
0.442296
0.440368
0.429023
0.358352
0.421748
0.420639
0.410306
0.386408
0.421732
0.403095
0.451736
0.452790
0.356324
0.307434
0.486057
0.384213
0.411623
0.451051
0.473699
0.429242
0.486278
0.487758
0.724539
0.365043
0.379000
0.406572
0.286885
0.297067
0.427974
0.296109
0.386519
0.391344
0.429015
0.437103
0.474424
0.483790
0.481790
0.422045
0.419932
0.354088
0.366593
0.418337
0.471517
0.444715
0.390528
0.384642
0.329604
0.478361
0.367510
0.458687
0.420256
0.439746
0.370125
0.424091
0.403719
0.437986
0.358570
0.450940
0.289166
0.407756
0.450390
0.400951
0.384840
0.366902
0.356911
0.469796
0.391226
0.388130
0.494335
0.357580
0.436914
0.435808
0.415088
0.458726
0.413202
0.486388
0.414179
0.422369
0.376520
0.490270
0.470576
0.455847
0.461431
0.456378
0.369499
0.356857
0.407351
0.467830
0.522860
0.367656
0.374343
0.439700
0.365119
0.384693
0.374304
0.426810
0.291087
0.464233
0.416681
0.455179
0.359277
0.455993
0.448411
0.432171
0.290964
0.466664
0.455362
0.435412
0.395393
0.370470
0.408857
0.377572
0.354188
0.324237
0.425797
0.369864
0.273774
0.585015
0.468712
0.506255
0.403133
0.364772
0.477737
0.439767
0.372316
0.280784
0.316323
0.395694
0.465033
0.358179
0.370270
0.418513
0.476122
0.339693
0.401309
0.428381
0.444800
0.453529
0.493923
0.414403
0.397685
0.383398
0.382844
0.479740
0.401842
0.430565
0.500020
0.474415
0.480011
0.567314
0.404290
0.444445
0.513011
0.465175
0.383624
0.469749
0.477935
0.358249
0.376591
0.458298
0.389029
0.439888
0.384869
0.447572
0.380159
0.313296
0.393453
0.309669
0.427596
0.432566
0.410668
0.348955
0.423972
0.382515
0.317198
0.371242
0.470153
0.363524
0.406949
0.474654
0.406453
0.405736
0.325643
0.381170
0.319197
0.411818
0.345970
0.432218
0.417122
0.400422
0.443163
0.423230
0.418958
0.286984
0.381113
0.356283
0.377376
0.420381
0.424271
0.395446
0.408328
0.407285
0.432076
0.384953
0.392136
0.272124
0.415600
0.445839
0.438760
0.340944
0.428962
0.348067
0.670402
0.456332
0.379532
0.490037
0.410232
0.422806
0.387232
0.380524
0.402088
0.445511
0.433306
0.527205
0.485906
0.339470
0.451580
0.363667
0.441420
0.423988
0.419377
0.252253
0.384391
0.444175
0.358946
0.348738
0.445037
0.413835
0.338007
0.384121
0.358855
0.407751
0.358994
0.342735
0.384899
0.428353
0.449329
0.517304
0.318280
0.408900
0.467883
0.453183
0.360634
0.412038
0.350856
0.418874
0.479800
0.457214
0.436895
0.369953
0.331917
0.453653
0.344788
0.388991
0.456120
0.381092
0.402678
0.432474
0.443672
0.357672
0.418837
0.430091
0.394023
0.429718
0.441722
0.287184
0.467642
0.288649
0.329757
0.350808
0.468815
0.439969
0.448842
0.336107
0.416586
0.405217
0.382240
0.452387
0.418274
0.404089
0.481044
0.390292
0.392793
0.434810
0.434168
0.453713
0.391892
0.413953
0.452898
0.403578
0.452749
0.306776
0.357904
0.427060
0.391350
0.391168
0.452760
0.613151
0.452689
0.439205
0.431426
0.442473
0.419778
0.468891
0.381699
0.461091
0.457526
0.397425
0.462807
0.426388
0.469264
0.324906
0.366259
0.384766
0.541823
0.326177
0.381258
0.437732
0.413850
0.259884
0.450294
0.305814
0.355219
0.427243
0.417779
0.369389
0.397940
0.384517
0.413111
0.444761
0.340801
0.358054
0.476477
0.398678
0.408513
0.430105
0.439614
0.314785
0.402736
0.436630
0.498048
0.373171
0.466468
0.497628
0.310077
0.444733
0.431726
0.433998
0.362866
0.428367
0.420547
0.351286
0.387507
0.342454
0.421712
0.504665
0.498402
0.447775
0.422632
0.409409
0.281649
0.383819
0.424882
0.413014
0.456418
0.396723
0.397345
0.475606
0.354693
0.464553
0.314659
0.321492
0.396444
0.394055
0.374075
0.307118
0.443816
0.433744
0.404672
0.324824
0.379403
0.452710
0.390662
0.458898
0.396776
0.484532
0.420583
0.369760
0.454252
0.299244
0.302542
0.279028
0.518244
0.472343
0.380669
0.374615
0.437885
0.286360
0.351878
0.380402
0.447441
0.431400
0.449358
0.415787
0.359731
0.432351
0.444220
0.392896
0.404051
0.450675
0.415414
0.300990
0.402402
0.405690
0.370193
0.421906
0.357243
0.342314
0.477903
0.468525
0.376757
0.464992
0.331022
0.490040
0.327299
0.412328
0.393009
0.325275
0.455353
0.400802
0.449063
0.436524
0.466312
0.462765
0.456920
0.390082
0.378676
0.363097
0.409484
0.389723
0.418680
0.356061
0.473201
0.317697
0.363669
0.342579
0.412553
0.418640
0.383958
0.343064
0.388671
0.383140
0.463179
0.421152
0.398820
0.396932
0.532133
0.413987
0.374370
0.371873
0.326291
0.333019
0.327044
0.412959
0.452223
0.265249
0.390716
0.360733
0.431581
0.418903
0.327992
0.484502
0.456275
0.392312
0.444882
0.440491
0.429073
0.414084
0.339581
0.482356
0.436963
0.402702
0.402313
0.418379
0.366529
0.391424
0.411833
0.568349
0.366120
0.402787
0.435737
0.372339
0.458980
0.478955
0.463042
0.413151
0.397222
0.506376
0.347102
0.333407
0.449156
0.408711
0.411483
0.431634
0.434244
0.371742
0.457101
0.413474
0.364233
0.344181
0.394544
0.450208
0.301341
0.527813
0.280968
0.391366
0.455183
0.368304
0.324132
0.341042
0.345605
0.386116
0.362496
0.410712
0.382736
0.400719
0.411318
0.322988
0.413218
0.390847
0.516388
0.369161
0.367779
0.325310
0.361927
0.505155
0.362362
0.452006
0.330920
0.386702
0.425168
0.315027
0.433294
0.373183
0.460534
0.454143
0.302475
0.484168
0.409879
0.459850
0.378999
0.348690
0.392965
0.365910
0.491211
0.437870
0.373866
0.355019
0.383944
0.404640
0.480539
0.454765
0.354306
0.448621
0.474079
0.425045
0.453889
0.453814
0.342534
0.483341
0.400807
0.436932
0.318079
0.413893
0.466063
0.367210
0.399521
0.425119
0.350306
0.409756
0.407276
0.299775
0.666078
0.409977
0.442740
0.400140
0.414574
0.474896
0.374597
0.413284
0.356123
0.455151
0.497763
0.415628
0.402988
0.503866
0.407061
0.354377
0.350462
0.461583
0.462650
0.460531
0.485812
0.427042
0.419659
0.398495
0.295100
0.407613
0.417595
0.439730
0.450304
0.446511
0.357218
0.303415
0.426690
0.390955
0.342262
0.376289
0.444293
0.427742
0.353403
0.392760
0.332875
0.390001
0.428465
0.426873
0.354543
0.342419
0.459651
0.480739
0.408029
0.380162
0.452391
0.454590
0.298827
0.352255
0.435371
0.436578
0.363756
0.433919
0.407410
0.358162
0.398730
0.327503
0.400703
0.495815
0.403149
0.438303
0.380694
0.447508
0.409861
0.428629
0.485292
0.406770
0.383598
0.333701
0.318175
0.393860
0.435549
0.464305
0.462274
0.391165
0.442161
0.411267
0.364729
0.414485
0.408913
0.436497
0.439705
0.308125
0.376944
0.320244
0.446485
0.295132
0.480423
0.371387
0.387691
0.663293
0.453329
0.425665
0.367378
0.440387
0.432949
0.343059
0.525421
0.477838
0.438003
0.385725
0.439862
0.413767
0.459986
0.396525
0.391386
0.413561
0.396724
0.452085
0.470418
0.415358
0.383966
0.446760
0.295325
0.393789
0.280977
0.448144
0.318706
0.394041
0.338259
0.445226
0.366985
0.372454
0.454080
0.397245
0.479382
0.361909
0.498274
0.488243
0.478288
0.347827
0.306143
0.442176
0.423574
0.369267
0.416473
0.432488
0.385090
0.377072
0.441900
0.467350
0.387230
0.426810
0.365222
0.372179
0.377935
0.434449
0.387306
0.398533
0.416839
0.480358
0.375148
0.377805
0.366269
0.344820
0.463583
0.418639
0.445695
0.457811
0.376612
0.445517
0.382838
0.285351
0.364532
0.297956
0.391794
0.465676
0.365440
0.447138
0.386126
0.384544
0.411641
0.292813
0.451248
0.473023
0.397901
0.435785
0.427485
0.462639
0.400590
0.455393
0.434314
0.396470
0.310010
0.421265
0.605785
0.361948
0.420390
0.440486
0.409547
0.307056
0.425857
0.352388
0.477940
0.396233
0.371946
0.369797
0.360111
0.462044
0.368704
0.328985
0.443428
0.325979
0.433752
0.493062
0.455988
0.374422
0.375621
0.436069
0.397722
0.395591
0.334650
0.355343
0.382235
0.385319
0.274769
0.406791
0.385785
0.435556
0.357566
0.447342
0.381413
0.324049
0.426882
0.454154
0.443042
0.433671
0.380735
0.389118
0.357476
0.443195
0.409615
0.496359
0.435533
0.416663
0.412416
0.474674
0.385755
0.490312
0.445200
0.435412
0.484911
0.437764
0.418373
0.408054
0.344615
0.375716
0.444055
0.343997
0.389662
0.302129
0.416903
0.377202
0.441236
0.335825
0.389827
0.274357
0.382317
0.419428
0.415979
0.397224
0.441895
0.432936
0.420276
0.444263
0.330682
0.360159
0.482902
0.297174
0.362968
0.387900
0.399374
0.418598
0.279516
0.413185
0.474424
0.345180
0.419349
0.418950
0.369565
0.614623
0.442396
0.393902
0.398429
0.376091
0.431703
0.270563
0.397050
0.465793
0.363163
0.442369
0.413098
0.395071
0.476644
0.456165
0.339947
0.305804
0.301143
0.336390
0.369547
0.314442
0.374484
0.372104
0.423015
0.393677
0.298591
0.380538
0.436564
0.421726
0.437939
0.398590
0.317928
0.505911
0.391450
0.496539
0.387365
0.459984
0.369629
0.472675
0.394519
0.308827
0.438205
0.456084
0.480432
0.309941
0.414635
0.398980
0.399828
0.430879
0.454765
0.458487
0.482516
0.283696
0.485124
0.458449
0.389138
0.447815
0.407288
0.477359
0.467786
0.454074
0.399140
0.367133
0.335016
0.523616
0.321346
0.506320
0.324295
0.410849
0.376098
0.478741
0.327341
0.480097
0.467129
0.456872
0.394478
0.361003
0.535044
0.444878
0.366304
0.400708
0.453528
0.460196
0.401832
0.391720
0.432345
0.354199
0.337340
0.425932
0.320663
0.367763
0.296014
0.447181
0.380798
0.415409
0.562490
0.392232
0.283482
0.397237
0.335112
0.328952
0.405790
0.426776
0.376327
0.375684
0.396202
0.419763
0.414169
0.334834
0.258347
0.484682
0.366934
0.392908
0.422863
0.429745
0.474276
0.313573
0.365619
0.465522
0.517177
0.331105
0.433302
0.444411
0.294036
0.419594
0.347242
0.366638
0.465401
0.414001
0.381707
0.391012
0.447137
0.390975
0.303070
0.368169
0.463220
0.509332
0.399714
0.464854
0.438074
0.494097
0.394140
0.314916
0.491896
