16.600979
15.205592
9.573256
6.833787
6.488945
5.585121
6.551852
4.821987
4.015861
4.113113
2.359401
2.531615
2.661371
2.768605
2.684650
2.572854
2.711066
3.048694
2.679269
2.744284
2.472352
3.177115
2.431663
2.637838
2.059870
2.284935
2.333580
2.142652
2.142209
1.689806
1.840421
1.942145
1.822554
2.231627
2.232508
2.116486
1.648922
1.765259
1.755156
2.259902
1.996694
2.037128
2.838027
2.529010
2.405028
2.257746
1.872725
1.642504
2.723717
2.438463
2.064396
2.109557
1.699979
1.975634
2.176250
2.406476
2.279807
1.564923
1.832278
1.611563
1.488367
1.696434
1.570029
1.759197
1.393065
2.398654
1.762389
1.516969
1.439587
1.714453
2.109084
1.672967
1.713854
1.957889
1.291558
1.514276
2.039983
1.833940
1.486412
1.595723
1.483629
1.423480
1.421091
1.817650
1.766743
2.184026
1.507457
1.544127
1.272018
1.858999
1.911620
1.379540
1.084020
2.116466
1.245319
1.618574
1.435095
1.478437
1.460915
1.623240
1.566109
1.278247
1.277498
1.555103
1.402596
1.568639
1.972177
1.374753
1.232015
1.331054
1.350297
1.349502
1.799290
1.537136
1.490349
1.383378
1.763694
1.533455
1.604648
1.608175
1.969393
1.470603
1.705204
1.573175
1.509467
1.613359
1.687376
1.610932
1.055547
1.595757
1.487253
1.308798
1.638790
1.890801
1.365498
1.114256
1.469195
1.585351
1.550550
1.858314
1.127991
1.585454
1.543277
1.253513
1.343134
1.745484
1.659765
1.240714
1.410381
1.433406
1.746014
1.430652
1.407501
1.547331
1.193062
1.327107
1.451428
1.181070
1.239812
0.886278
1.581683
1.217497
1.717096
1.765870
1.342251
1.511406
1.308496
1.264556
1.328346
1.314084
1.372925
1.213243
1.267151
1.166064
1.279722
1.285894
1.246424
1.266360
1.417390
1.489294
1.221449
1.291975
1.218342
1.443869
1.241921
1.115826
1.033612
1.306382
1.190415
1.069582
1.077533
0.883470
1.125335
1.492369
1.787742
1.575864
1.394678
1.462166
1.176026
0.963589
1.504125
1.576494
1.348785
1.196673
1.604885
1.810187
1.212328
1.404827
1.489292
1.445870
1.346482
1.322224
1.576668
1.565727
1.442349
1.216814
1.219132
1.215829
1.627297
1.707216
1.209914
1.255194
1.530115
1.414070
1.072842
1.056518
1.060045
1.022158
1.428283
1.355771
1.401754
1.234785
1.034561
1.015375
1.360180
1.134962
1.348417
1.354396
1.474749
0.983502
1.250704
1.338712
1.596867
1.380541
1.380277
1.628300
1.279896
0.866001
1.039730
1.608433
1.425511
1.274024
1.019113
1.429936
1.016053
1.210530
1.262134
0.909102
1.302933
1.117438
1.230681
1.207005
0.874969
1.408578
1.238139
1.393765
0.891945
1.503788
1.332830
1.299690
1.022100
1.438069
1.387845
1.329657
1.195297
1.176742
1.213739
0.988102
1.182499
0.894550
1.150132
1.531407
1.032314
1.288860
1.066627
1.282844
0.929189
1.793422
1.112103
0.907644
1.412575
1.174328
1.235392
1.386800
0.992304
1.272101
1.238026
1.172539
1.470179
1.500974
1.196795
1.441186
1.125629
1.473214
0.987606
1.195481
1.325010
1.210268
1.253521
1.033867
1.112832
1.162447
1.299898
0.993457
1.293115
1.466408
1.160868
1.134149
1.158340
1.449504
1.181571
1.312494
0.957612
1.258734
1.546560
1.254336
1.160330
1.420145
1.298190
1.647312
1.327407
1.381509
1.106789
1.201613
1.702543
1.260916
1.463540
0.934800
1.086969
1.053864
1.177758
1.323064
1.388394
1.284185
1.560544
1.292812
1.399034
0.946839
0.895680
0.965646
1.216339
0.784068
1.019928
1.314659
1.500075
1.251323
1.023853
1.183680
1.245768
1.518300
1.280535
1.164973
1.384493
0.846745
1.260306
1.062396
1.073656
1.138888
0.770431
1.351648
1.211547
1.173643
1.053350
1.000573
1.166448
1.220537
1.141411
0.970316
1.214584
1.145254
1.243891
0.950635
1.111039
1.340009
1.086542
1.110614
1.172827
1.474985
1.450186
1.095307
1.247753
1.104896
0.915915
1.189309
1.153539
1.329935
1.375997
1.235530
1.215527
1.171582
1.386703
1.202648
1.045941
1.304087
0.980860
1.360258
1.439156
1.295636
1.080850
1.192636
1.203721
1.066500
1.220973
1.182476
1.192795
1.015920
1.187658
1.568066
1.300514
1.258327
1.164579
0.998011
1.444943
1.692407
1.509399
0.992258
0.813337
1.082468
1.114918
1.050804
0.961976
1.487152
1.089520
1.271666
1.155573
1.424084
1.090228
1.208293
1.239732
1.012412
1.285659
1.007335
0.928323
1.319331
1.174117
1.084175
1.209013
1.093141
1.127878
1.014241
0.974923
1.204042
1.237228
1.309293
0.985781
1.321815
1.234389
1.067042
1.256710
0.986312
1.096400
0.995782
1.784085
1.291652
1.569533
1.199116
1.315352
1.327835
1.072717
1.365889
1.185753
0.937224
0.950510
0.950661
1.030549
1.586048
1.470337
1.155518
0.973878
0.939346
0.963172
1.180026
1.047127
1.044137
1.215500
1.060678
1.522022
1.285241
1.152201
1.268708
1.014460
0.880884
1.091032
0.843729
1.382033
1.578688
1.088787
1.182797
1.207941
0.920640
1.813594
1.013262
1.444561
1.015946
1.166903
1.281019
1.190714
1.012245
1.063635
1.257181
1.104982
1.155542
0.963976
1.573186
1.207000
1.106956
1.233409
0.936637
0.885023
1.131306
0.967644
1.121072
1.091548
1.066165
1.029295
1.175029
1.080784
0.873526
1.289829
1.286752
0.827142
1.191648
1.007393
0.749475
1.031700
1.040918
1.375858
1.327651
1.011221
1.327902
1.194504
1.074613
1.547101
1.245655
1.122704
1.327220
0.962891
0.895532
1.477673
1.577322
1.274520
1.406933
1.082936
1.022971
0.939049
1.346267
1.397198
1.186388
1.109207
0.921905
1.049094
1.244461
0.993602
1.098411
1.146273
1.277770
1.235636
1.104897
1.181551
0.959863
0.913481
1.032395
1.208705
0.891902
1.108915
1.036133
1.085655
1.243809
1.155992
1.160118
1.356585
1.235819
0.925673
1.156014
1.187499
1.188913
0.960533
1.150066
0.812850
0.960023
0.893901
1.254927
1.370814
1.378683
1.278908
1.376627
1.457998
1.028042
1.023240
1.165770
1.250255
1.184761
0.830922
1.088629
1.087618
1.133263
0.977403
0.912360
1.046500
1.186752
1.326579
1.072826
1.242140
1.182505
1.349397
1.223575
0.984753
1.209958
1.041199
0.880508
1.122193
0.901734
1.022630
1.277815
1.377944
1.288118
1.047581
0.962419
1.193521
1.349697
1.265192
0.820996
1.092355
1.080920
1.434516
1.213766
0.968928
1.144468
0.961584
1.353279
1.138847
0.883870
1.116274
0.971689
1.302023
1.015013
1.228951
0.938475
1.309836
0.838826
0.835253
1.003320
1.033764
1.062001
1.050347
0.898657
1.342107
0.891183
0.899583
1.275834
0.962430
1.080207
1.381964
1.132393
1.046932
1.278990
0.861024
1.126471
1.259183
1.028353
0.883442
1.103240
1.117429
0.962102
1.007715
1.088453
0.896549
0.873496
1.348014
0.864784
0.902415
0.911622
1.022031
1.066689
1.258700
1.464799
0.943591
1.039651
1.192294
1.204942
1.228142
0.987087
1.226375
0.980478
0.983340
1.081172
1.226452
0.928096
0.990637
0.959463
1.144747
1.066251
0.769405
0.889431
1.233044
1.119329
1.149700
1.081689
0.920198
1.075678
1.373176
1.009150
0.855397
1.193007
0.813707
1.211597
0.829057
1.008360
1.069969
0.826185
1.135835
1.163787
1.239898
1.022188
0.872498
0.712709
0.903506
1.139013
1.082856
0.927194
0.931713
0.823304
1.219063
1.183771
1.019772
1.097311
1.069844
1.226845
1.283184
1.146058
1.177683
1.136417
1.107652
1.353958
0.890014
0.912429
1.039085
1.144236
1.404094
0.743986
1.016018
1.066411
0.958591
0.917401
1.257905
0.668413
0.836861
1.121566
1.286165
1.114106
0.757235
1.028095
0.916066
0.979782
0.780465
1.220036
0.949220
0.922462
1.278742
1.004154
1.154451
1.150293
0.897309
1.151377
1.083384
1.165392
1.045078
1.114269
1.181208
0.908136
0.736965
0.726631
0.989143
0.635853
1.252579
1.242030
1.283352
1.275827
1.004825
0.813876
1.223104
0.918028
1.380486
0.919661
1.392522
1.183789
0.736215
1.104142
0.894066
0.956214
1.023555
0.889142
0.970361
1.276724
1.240600
0.903158
1.000623
0.890668
0.946698
1.074242
1.162223
1.165393
0.926344
1.361841
1.087039
1.161689
1.168274
0.869814
1.199349
0.784301
1.302373
1.019586
1.091404
1.324251
0.948064
0.783484
1.077489
1.130840
0.845614
0.853463
0.829002
1.014111
1.160206
0.828294
0.959770
1.122715
0.771042
1.081178
0.994522
0.934982
0.746725
1.179464
0.963965
1.032253
0.900289
0.740645
0.900531
0.946654
1.150382
1.176615
1.074854
1.010304
0.779393
0.812639
1.243899
1.035121
0.908338
0.867843
1.128528
0.898955
0.889279
0.857617
1.048184
1.321592
0.858558
1.215828
0.847605
1.181027
1.028221
0.835277
1.158531
1.074414
1.035071
1.149624
1.237998
0.988352
1.147770
1.049024
0.891852
1.154176
0.931614
1.304197
0.914653
1.193866
0.986006
0.914616
0.715998
0.977734
0.910108
1.056481
0.867139
1.317723
0.866127
0.974764
1.010446
1.222702
0.861617
1.078968
1.112800
0.929235
0.864530
1.167568
1.062746
0.929484
0.862827
0.954429
1.028295
1.354783
1.203551
1.045442
1.011057
0.921461
0.924855
1.091631
1.143510
1.046954
1.166835
1.027552
1.304763
0.720289
1.016095
0.832124
0.778189
1.031473
0.965989
0.968908
1.085135
0.746711
1.007470
1.071883
1.244218
1.017986
0.928726
1.054259
0.795241
1.001401
1.157441
1.014028
0.800736
1.059241
0.936577
0.783427
1.089482
0.954164
0.781853
0.814827
0.884786
0.762338
1.042505
0.802715
0.916709
0.667523
0.925604
0.797576
1.001188
0.886045
1.154044
1.050537
1.015413
0.994441
1.012847
0.996525
1.286823
1.223739
0.854380
1.271367
1.217318
1.263820
1.138169
1.001976
1.079628
1.273111
1.033629
0.836034
0.985521
0.983005
1.146181
1.064641
1.111029
1.017498
0.748612
1.204914
1.010540
1.003348
1.361831
1.046113
0.787157
1.141726
1.019912
1.157594
1.189107
0.984002
0.776801
1.241779
1.048752
0.936894
0.935469
1.080625
0.874195
0.769546
0.798828
0.958933
1.044942
1.190982
1.352025
0.897124
0.731854
0.906164
1.013227
1.082204
1.060719
0.909997
0.749615
1.007955
0.915689
1.045237
1.161011
0.963296
1.134530
1.000347
0.991385
1.114450
1.335730
0.749602
0.828470
0.781395
0.977675
1.178322
1.267701
1.299363
1.001068
1.082587
1.124212
0.951087
0.997524
0.943388
0.992693
0.929231
0.954019
0.901033
1.219761
1.058084
0.885759
0.745408
0.775712
0.801728
0.996477
0.806855
0.763743
0.821559
1.015851
1.021270
0.835570
1.093151
1.154220
0.871752
1.159337
1.058620
0.695365
0.943446
1.136615
1.098596
1.147738
0.912530
1.025405
0.865532
1.082745
0.679479
1.029179
1.137135
0.962785
1.210623
0.663185
1.034603
1.008822
0.715692
0.840833
1.005701
0.802359
1.090197
1.141395
0.869675
1.146589
0.947211
0.850321
0.928389
0.907307
0.983201
0.906062
1.112873
0.790630
1.077046
1.033822
0.945868
0.863105
0.939753
1.016380
1.211543
0.764654
1.067938
0.777875
0.970408
1.025235
1.271226
0.983904
1.087173
0.860196
1.187480
0.997169
1.220387
0.793768
0.881775
0.967961
0.866179
1.161269
1.069349
0.854424
1.255774
1.111562
1.136009
0.893176
1.141802
1.013222
1.015924
0.859910
1.154677
1.063654
0.710603
0.810531
0.746369
1.070628
1.159870
1.272799
1.117278
0.897823
1.086508
1.172465
0.899667
0.840389
0.987716
1.239869
0.789008
0.939517
0.898680
0.806602
0.755749
0.840446
1.143914
1.134302
1.032857
1.165525
0.867517
1.267736
1.133841
1.007305
1.031069
0.830455
1.432033
0.911106
0.679543
1.160901
1.031797
0.749506
1.208646
0.788040
0.953413
0.849464
0.869480
0.787785
0.841061
1.220985
1.081162
1.075461
1.025418
0.952321
0.775144
0.733029
1.053089
0.762218
0.872110
0.912894
0.973127
0.969676
1.149501
1.046576
0.825471
1.025862
0.914301
0.774365
0.934928
1.082863
0.824993
1.032774
0.862582
1.021313
0.779010
1.271082
0.691573
1.182468
1.015756
0.833313
1.108941
0.994826
0.927784
0.777340
1.156124
1.074560
1.265424
0.930788
1.047469
0.975009
0.839313
1.095411
0.984846
1.055593
0.917383
0.761206
0.979509
0.971631
1.157075
1.124537
1.210254
0.869610
0.890231
0.941626
0.899149
1.086178
0.971786
0.687691
0.819274
0.942495
0.945535
1.004781
1.302762
1.208787
0.895805
1.128469
0.911843
0.704151
0.804675
0.948161
0.978199
0.702194
0.881463
0.913389
0.859213
1.134851
0.907225
0.832612
0.856507
0.852140
1.037954
0.762463
1.006355
1.057486
0.877067
0.914175
0.861186
1.319374
1.055968
0.825381
0.991287
0.936291
0.908473
1.043853
0.961693
0.932737
0.829250
0.753646
1.004204
1.232172
0.912241
1.078620
1.051660
0.856170
0.843181
0.974463
0.843970
0.840352
1.163738
0.898948
1.043723
0.910260
0.900115
0.662030
0.864886
1.097625
1.167546
0.980156
0.615317
1.175417
0.992827
1.221929
0.819437
1.449181
1.261804
0.776813
1.270880
0.973196
1.040047
0.899651
0.788802
1.061861
0.967882
0.825930
0.853615
1.282156
0.766917
0.945238
0.861417
0.930588
0.947403
1.006410
1.170202
1.140902
1.042153
1.010088
0.933777
1.033041
1.239618
0.942963
1.186981
1.157483
0.968487
0.982731
0.921245
0.766183
0.959247
1.176708
1.122830
0.906754
0.893101
1.280557
1.200218
0.959046
0.798762
0.956856
0.994679
0.936227
1.137905
0.961661
1.073516
0.979427
0.757837
0.893065
1.199095
0.871066
0.862955
1.192353
1.151515
0.887658
0.800290
0.930913
1.250914
1.201978
0.913441
1.056748
0.876233
0.953069
0.826494
0.797913
0.828772
1.225820
1.177220
0.894923
0.896919
0.773584
0.809646
0.940232
0.936837
0.943811
0.991850
0.944007
0.901158
1.044674
1.134959
1.083525
0.957085
1.004591
0.741212
1.028031
0.732923
0.825457
0.901727
0.966015
0.811577
0.912232
0.967367
0.763491
1.056863
0.941930
1.014388
0.827064
0.857942
1.006860
1.132216
0.992032
0.788374
0.755611
0.857230
0.647181
1.100418
0.868209
1.057470
0.938238
0.885759
0.765007
1.206467
1.030808
0.984540
1.087262
1.057873
0.947208
0.767134
0.757686
0.903927
1.124567
1.075180
0.938974
0.998557
1.165367
1.020055
0.876134
1.049366
0.991116
0.884998
1.006288
1.021263
0.719339
0.958829
0.590186
1.015053
1.102192
1.223740
0.927428
1.230552
1.344086
0.914786
0.926170
0.949952
0.806910
0.888812
1.021828
0.723897
0.973936
0.946219
0.889907
1.150152
0.914752
0.838890
0.790973
0.767497
1.187184
0.998943
1.207690
0.839925
0.947582
0.914150
1.155876
0.851111
1.180670
1.033696
1.088524
0.762822
0.899839
1.115446
0.765546
0.769176
1.152160
1.185922
0.836135
1.016550
1.124657
0.984772
1.005640
0.927804
1.122534
1.057600
0.987081
0.825760
0.902043
1.030979
1.101338
0.964125
0.766137
0.607891
0.693296
1.268355
0.806326
0.792257
1.087472
1.184935
0.756575
0.730120
1.030664
1.030050
1.180291
0.896458
1.023132
0.812756
0.972548
1.200490
1.200025
1.169513
1.074385
0.866442
0.897572
0.908512
0.858586
0.878979
0.763346
0.831008
0.804733
0.865005
0.893575
0.847082
0.797357
0.763713
1.013952
1.006853
1.086441
1.024490
1.103153
0.986651
1.089979
0.809202
1.106205
0.906828
0.786004
1.089733
0.939851
1.026752
0.933722
0.745624
0.672284
0.801039
0.960790
1.044781
0.890472
0.929881
0.738307
1.284633
1.141870
0.715476
0.930694
1.077312
1.021690
1.023511
0.968106
1.127116
0.890324
0.996615
0.997352
0.954010
1.260731
0.981081
1.083997
1.022640
0.900336
0.802173
1.228798
0.752372
0.760011
1.041055
1.155528
1.048102
0.816229
0.741399
0.858588
0.681203
1.120696
0.771400
0.864616
0.681455
1.201714
0.871045
0.879505
1.064843
0.824516
0.819828
0.872080
0.857159
1.052491
0.980030
0.992568
1.035373
0.838454
0.789752
0.712886
0.917867
1.009062
1.086078
1.065823
1.010338
1.138170
0.967078
0.975749
1.227728
0.898743
1.091905
0.980340
1.257666
1.096374
0.819328
1.187754
0.899435
0.903992
0.850999
0.844169
1.149110
0.860099
1.025783
1.100183
1.109115
0.909427
0.939301
1.190650
0.763650
0.784301
1.026831
0.812024
0.950953
1.052284
0.973206
1.237956
1.116030
1.012455
1.226656
0.934043
0.954179
0.728434
0.867948
1.371282
1.088139
0.944618
0.837888
0.993886
0.973344
0.819617
0.780128
0.984844
0.957400
0.841790
0.815569
0.931188
0.848484
0.553651
0.804279
0.963613
1.057472
0.791294
1.006543
0.991700
0.844492
0.669850
0.827038
0.807769
0.899567
0.947161
0.874364
0.809243
0.776328
0.855263
0.890161
0.878542
0.903478
0.909945
0.823974
0.792010
0.890523
0.774576
1.125061
0.991206
1.150135
0.840087
1.166924
0.691790
0.825421
0.849060
0.721067
0.954341
0.884734
1.039648
0.635193
0.892879
0.915819
1.002789
0.842234
1.200008
1.027337
0.944711
0.654121
1.070852
0.865169
0.739052
0.861904
0.930668
1.087769
0.838369
0.824135
1.107226
0.872566
1.099172
1.115325
0.845828
0.808700
0.669345
0.828072
1.148131
0.975331
0.872549
0.740272
1.006892
0.776179
0.835823
0.924404
0.847986
0.920775
0.932610
0.868182
0.653912
0.642530
0.893075
0.969075
0.936010
0.869635
0.849195
1.058820
1.151748
0.932886
0.948391
0.652688
0.899511
0.920766
1.008970
0.894153
0.664349
0.951728
1.003646
0.866517
1.007409
1.031092
1.171500
0.861654
1.122834
1.194257
1.194454
0.952515
0.804494
0.934170
0.780729
0.902330
0.980178
1.048662
0.783425
1.048495
0.870652
0.983176
1.118770
1.151947
0.993042
0.683713
1.084434
0.980233
1.090067
1.216679
0.900069
0.853926
0.921633
0.759924
0.923095
0.984106
0.826395
0.877693
0.995083
1.107245
0.903886
0.975940
0.708975
1.177793
1.184541
1.064428
1.173949
0.946544
1.039436
0.777120
0.997524
0.768504
0.991502
1.022239
0.937153
0.960170
0.777030
0.633866
0.846204
0.943836
1.097822
0.947663
0.791670
0.816978
1.120127
1.046287
1.069743
0.930413
0.714913
0.777098
1.021123
1.034176
0.800850
1.071072
1.137084
1.256172
0.775428
0.706189
0.877748
0.847477
0.763315
0.756932
0.797458
0.914507
0.969199
1.023760
1.064016
1.125817
0.849953
0.625838
0.890656
0.943299
0.903942
0.812207
1.033212
1.082519
1.064652
1.107472
0.945687
1.021459
1.113124
1.067506
0.892421
0.947305
0.876508
0.877350
1.042283
0.814020
1.202390
0.926780
1.260903
0.852921
1.252305
0.927512
0.954227
0.847665
0.858848
0.884341
0.896006
0.842439
1.034842
1.014167
1.044604
1.178210
0.688427
0.991865
1.072247
0.933205
0.942044
0.720798
0.807840
0.944878
0.851466
0.819514
0.750437
0.856909
0.787735
0.945168
1.051326
0.879573
0.956892
1.072124
1.016112
0.918921
1.073866
1.115720
0.706903
0.773847
1.036256
0.793496
1.074172
1.178033
1.000128
0.759884
0.748758
0.791527
0.817279
0.753620
1.016972
0.829326
0.790182
0.974048
0.936801
0.902140
0.914905
1.047644
1.000841
0.857456
0.979399
0.793410
1.130672
0.742833
0.798681
0.773179
0.848693
0.924312
0.777008
0.910400
1.238253
0.912564
0.753072
0.647049
0.860304
0.834690
0.680650
0.853400
1.035150
0.852863
0.819395
0.806896
1.100505
1.074628
0.899139
1.248650
0.972691
0.920575
0.574920
0.954400
1.149706
0.997545
1.066204
0.874975
0.828756
0.883470
0.854650
0.941030
0.763695
0.816092
1.233054
0.961614
0.852045
0.965414
1.055476
1.095535
1.124426
0.815666
0.830338
1.044458
0.812594
0.854366
1.044519
0.886589
0.657811
0.709041
0.926941
0.809435
1.061514
0.720887
0.882524
0.740715
0.944527
0.920828
0.737655
0.858330
0.969902
1.073012
0.730403
1.085710
1.206256
0.912620
0.640482
0.922968
0.883397
1.041171
1.107275
0.911335
0.708467
0.938451
0.666509
0.885168
1.170189
1.027826
1.044925
1.041722
1.043232
0.830600
0.830506
0.986197
0.670050
0.970392
0.754561
1.137912
0.630728
0.930085
0.919899
0.776790
0.869576
1.032207
0.764831
1.024274
0.982200
1.066593
0.997559
1.010319
1.022945
0.952370
1.010838
0.839144
0.990977
0.756264
1.102311
1.125695
1.173255
0.868450
0.743333
0.766763
0.877235
0.791995
0.838339
0.634117
0.909283
0.998428
0.899698
1.041360
1.185917
0.924338
1.033272
0.997398
1.033129
1.232400
0.962016
0.786719
0.786566
0.732442
0.787545
0.844155
0.792762
1.199950
1.012838
1.055247
1.040463
0.899127
0.993905
1.017383
0.872804
1.170925
0.775684
0.730716
0.826309
0.952034
0.923145
0.597153
0.661458
0.729220
0.978047
0.814801
0.887482
0.772473
0.881380
0.897556
1.146910
0.827890
1.055512
0.767489
1.308390
0.727058
0.997584
0.782159
0.868062
0.745701
0.844243
1.169619
0.851443
0.989581
0.893724
0.698574
0.849161
0.945947
0.887343
0.943886
1.096142
0.786590
0.794534
1.079127
0.885130
0.812337
0.739813
0.872815
0.959518
0.850847
0.986718
0.748915
0.892346
1.015356
0.983185
1.187030
0.859234
1.053112
0.592883
0.983991
0.760992
0.827581
0.738886
0.677767
0.652909
0.709108
0.784261
0.721070
0.988301
0.922517
0.843441
0.649445
0.806674
0.911535
1.142135
1.186497
0.834383
0.833857
0.620819
0.852405
1.064266
1.088167
1.119543
0.990017
1.038042
1.021175
0.632263
0.711370
0.890172
1.222223
0.886027
0.693960
1.063287
1.183841
0.851509
0.779371
0.779364
0.816948
1.031208
0.903048
0.751709
0.776841
0.745630
0.723786
1.044853
0.823724
0.830291
0.993763
1.085976
1.019816
0.891793
0.738547
0.906225
0.893235
0.863890
0.831935
0.814155
0.681328
0.731300
1.095115
0.964395
0.782268
0.922203
0.667266
0.687163
1.125185
0.874471
1.074852
0.793477
0.831500
1.020757
1.040098
0.917420
0.847740
0.835667
0.860002
0.979380
0.806710
0.872151
0.942225
0.895027
0.774925
0.930194
0.790240
1.058337
0.843771
0.747421
0.982621
0.863805
0.936934
0.739289
0.768177
0.849683
0.783563
0.719514
1.124620
0.945930
0.790579
0.708616
0.903941
0.897891
0.984251
0.851021
0.836096
0.754745
0.990403
0.957669
0.781689
0.780966
0.793569
0.697784
0.836985
0.977048
0.984466
1.055574
0.578308
1.023037
0.899551
0.796462
0.813331
0.773380
0.820002
0.784613
0.842094
1.256450
0.697571
0.939451
0.826731
0.960202
0.748108
0.788983
1.006791
0.908240
0.834336
0.870374
0.930199
0.713357
0.698982
0.645237
0.885911
0.955055
1.245703
1.112790
0.957188
0.936867
0.980611
0.884850
0.643043
0.717070
0.623319
0.786188
0.927205
0.985803
0.868394
0.927641
0.739505
0.956741
1.029386
0.899554
1.042404
0.934907
0.753454
1.242320
0.898660
1.079876
0.870501
0.848017
0.980034
1.067794
0.786336
0.822517
1.000123
1.101807
1.026733
0.671849
1.011633
0.958235
1.189015
0.862706
0.943457
0.730914
0.914804
1.044957
1.011866
1.047758
0.794928
0.640950
0.731148
0.675089
0.714368
1.066625
0.892139
0.999036
0.977266
0.760564
0.937406
0.803200
1.023649
1.003556
0.845431
0.733961
1.202240
0.740506
0.766954
0.781479
0.769743
0.666040
1.104167
1.259030
0.943751
0.736592
0.887114
0.986547
1.168461
1.161806
0.793915
0.759699
0.927218
0.700550
0.760731
0.963054
0.905535
0.794911
0.791261
0.976198
0.764555
0.964944
0.914761
0.968268
0.998339
0.728327
1.029806
0.995279
0.828858
0.733699
1.004387
0.700376
0.886304
0.689699
0.810774
1.041047
1.080063
1.046270
0.805105
0.802607
0.936054
0.930380
0.838511
0.637832
0.827424
1.116837
1.248188
1.175633
1.064490
1.132895
0.758213
0.744716
0.681138
1.152104
1.012112
0.852319
0.948706
0.813567
0.971519
0.873524
0.946522
0.755723
0.808400
0.853488
0.828079
1.014986
0.897009
0.934163
0.824734
0.718566
1.116903
0.886847
0.661424
1.028870
0.796745
1.152748
0.684325
0.888101
0.713387
0.892685
0.948243
0.965700
1.090355
0.687346
1.093328
0.811428
0.779774
0.933628
0.668440
0.638598
0.655921
1.053064
0.897265
0.773830
0.854661
0.790529
0.801714
0.863344
0.858484
0.949286
0.880701
0.870137
0.975151
0.645912
0.693064
1.146968
0.668902
0.813737
0.870183
0.798277
0.769006
0.874689
0.803356
0.708380
1.062724
0.844306
0.673743
0.984208
0.842207
0.642788
1.037548
0.909046
0.820080
1.073999
0.999065
1.099413
0.627279
0.976207
1.052845
0.968136
0.997164
0.780049
0.787468
0.788603
0.881436
0.896218
1.077277
0.774638
0.863719
0.848209
0.738141
0.756380
0.972872
1.010130
1.091146
0.785536
1.042494
0.772587
1.159187
0.917297
0.996053
0.989440
0.920426
0.900916
0.888035
0.695399
0.964773
0.799560
0.806518
0.871976
0.996840
1.200062
0.810238
0.801087
1.127398
1.053222
0.693166
1.105321
0.768626
1.087347
0.856535
1.008103
0.883803
1.053631
0.901943
0.784525
1.218721
0.713213
1.051548
0.880266
1.081179
1.037890
0.725528
0.941001
0.928087
0.683334
1.030381
1.115345
0.971567
0.664489
1.022221
0.968887
1.014146
1.056332
0.747605
0.775397
0.935036
0.873403
0.724595
0.886327
0.839968
1.034249
0.962246
0.948204
0.983875
1.088237
0.881956
0.998880
0.943872
0.674625
0.893390
0.940346
0.806750
0.876422
1.239316
0.778559
0.601025
0.826645
0.853522
0.729250
1.024868
0.917594
0.777426
0.943163
0.857414
0.747144
0.947841
0.721977
0.682038
0.990062
1.042764
0.914906
1.109344
1.017949
0.753011
0.820584
1.034538
0.763225
0.856609
0.932929
0.579173
0.697803
0.973763
0.794953
0.841799
0.888429
0.981558
0.805110
0.696080
0.941263
1.174720
0.961008
0.681131
1.169603
0.669415
0.798165
0.803422
0.972241
1.049402
0.676084
0.683579
1.037902
0.797791
1.031824
0.786104
0.902098
0.999593
0.786109
1.078281
0.981212
0.819012
0.943722
0.960697
0.921575
0.895284
0.733167
0.861251
0.783907
1.009968
0.901618
0.855526
1.032255
0.824898
0.917556
0.827053
1.014960
0.767191
0.726213
1.071239
0.965293
1.110172
0.939588
0.953541
1.240531
1.189322
1.044699
0.941681
0.654460
0.649798
0.831179
0.581134
0.756791
0.979579
1.124015
0.842748
0.693270
1.166394
0.611192
0.970145
0.780787
0.901710
0.766941
0.893837
0.874598
0.851620
0.837449
0.938171
0.896759
0.971806
0.914772
1.022421
0.642304
1.051821
0.764450
1.201717
0.739458
0.904871
0.669874
0.914129
1.022436
0.840054
0.735690
1.136626
0.756118
0.656155
0.876581
0.772447
0.824392
0.973031
0.887237
0.673476
0.973843
1.144152
0.861419
0.825556
1.020577
0.812878
0.804615
1.025562
1.012528
0.594837
0.680908
0.904491
0.889221
0.971846
0.723277
0.859372
1.097401
0.736716
1.040313
0.929909
0.778446
1.155745
0.992715
0.871938
0.866417
0.666710
0.800086
0.930636
0.846640
0.791145
0.866474
1.156947
0.660725
0.942009
0.833841
0.807865
0.744211
0.966316
0.822315
1.111341
0.991549
0.827191
0.942315
0.859732
1.103821
0.875189
0.751377
0.935340
0.836674
0.762577
0.599708
0.906259
0.823633
0.766249
0.911207
0.994155
0.821038
0.798056
0.971667
0.721257
0.806031
0.829773
0.900725
0.974202
1.000010
0.888371
0.714516
0.829132
1.143487
0.787087
0.884365
0.680896
0.880760
0.889475
0.901503
0.612781
0.744973
1.088083
0.710668
0.856386
0.666361
1.097367
0.791687
0.997333
0.928151
1.063151
0.919444
0.839530
0.788253
0.862125
0.715816
0.824027
0.964920
0.863116
0.956187
0.698859
0.677039
0.854882
0.857035
0.770052
1.025118
0.696718
1.121825
0.776246
0.823179
0.984747
0.789523
0.851223
0.700245
0.828009
0.964201
0.823731
0.801830
0.717349
1.017567
0.893806
0.676882
0.971253
0.844736
0.906992
0.816233
0.884647
0.656454
0.853050
1.010596
0.703290
0.817141
0.697704
1.042527
0.769990
0.884127
0.905782
0.661645
0.955968
0.978040
0.854729
0.908082
0.975729
0.784666
0.729357
0.926066
0.893739
0.851275
0.692456
0.904312
0.817778
0.791644
1.013861
0.744821
0.991210
0.974599
0.723742
0.771318
0.900570
0.915112
0.916587
1.014582
0.958910
0.695518
0.996923
1.038695
1.039506
0.758554
0.970158
0.748792
0.981370
0.697789
0.793737
1.012979
0.935532
0.786215
0.935722
0.946081
0.926177
0.775550
1.047151
1.025153
0.829037
0.911089
0.636361
1.035960
0.739749
0.938548
0.857900
0.913156
1.128559
1.000674
0.962218
1.202263
1.061392
1.044713
0.990261
0.913995
0.868114
0.840163
1.124226
0.693560
0.970374
0.981822
0.722825
0.865033
0.718690
0.698385
0.864531
0.923478
0.729121
1.067643
1.134523
0.957125
1.028728
1.100976
0.818832
0.889328
0.761153
1.127408
0.893487
0.940553
0.907734
0.741201
1.027814
0.820612
0.922822
1.014760
0.856991
0.905581
0.959045
0.923061
1.000789
0.832731
0.649468
0.976102
1.227312
1.120828
0.987368
0.948780
1.032432
0.964042
0.743999
0.785414
1.032422
1.109191
0.729413
0.699705
0.653704
0.733155
0.877435
1.125609
0.777612
1.010864
0.724986
0.958773
0.848091
0.790645
0.904484
0.672713
0.703399
0.784706
0.846898
0.789524
0.839987
0.736888
0.758683
0.838902
0.887781
1.106456
0.749699
0.769205
0.885854
0.719417
0.653184
0.853933
1.010087
1.036718
0.992269
0.989176
0.736112
0.711078
0.901601
0.983055
0.754424
0.813096
1.105138
0.940590
1.026373
0.819815
0.698670
0.906861
0.570439
1.084172
0.901244
0.790123
0.592854
0.957137
0.925582
0.690884
0.807819
0.761056
0.952084
0.901383
0.919860
0.785463
1.015489
1.018353
1.035586
1.064228
0.645498
0.963663
0.938187
0.955642
0.699178
0.900651
1.223742
0.835651
0.835511
0.824733
0.671817
0.952641
0.922284
0.704937
0.762671
0.971016
0.766522
0.853154
1.057618
0.881414
0.856135
0.913226
0.848180
0.840294
0.723056
1.043472
0.936195
1.060918
0.913768
0.877662
1.008415
0.827246
0.939618
0.942238
0.880282
0.762705
0.862503
0.952979
0.627298
0.937454
0.898785
0.798040
0.764245
0.947748
1.038099
0.706711
0.690053
1.033863
0.665058
0.921526
0.722216
0.792050
0.799373
0.768467
0.722282
0.814406
0.687066
1.046370
1.017436
0.848364
0.966671
0.876261
1.039721
0.873888
0.725922
0.762370
0.681066
0.934896
0.644926
0.939396
0.837128
0.931824
0.817495
0.824372
0.927254
0.553621
0.679522
0.634914
0.943684
0.771270
0.851687
0.758479
0.972902
0.817743
0.627906
0.803659
0.868225
1.064878
0.947610
0.835054
0.817286
0.883425
0.734997
1.006870
0.955952
0.778742
1.010280
0.990762
0.892862
0.833636
0.695457
0.988763
1.188115
0.752258
0.791364
0.827133
0.831885
0.890213
0.896257
0.749576
0.776653
0.919013
0.700395
0.801898
1.096850
0.788156
0.871935
0.718791
0.870645
0.787325
0.793652
0.837886
0.822725
0.954173
0.828333
0.789510
0.631302
0.916021
0.685610
1.062767
0.633244
0.753312
0.835222
0.715469
0.772482
0.736072
0.798717
0.869318
0.864432
0.871454
0.728783
0.736369
1.057356
1.007086
0.676747
0.872173
0.784601
0.736681
0.850729
0.799887
0.966395
1.154325
0.810506
0.713046
0.870033
1.068347
0.871778
0.725003
0.697860
0.860103
0.842865
0.824672
0.911996
0.624881
0.836003
0.778406
0.980364
0.609058
0.894129
0.788250
0.686250
0.813905
0.744506
0.832670
0.655100
0.976283
1.084375
0.899788
0.652758
0.737344
0.725004
1.037334
0.846055
1.174899
0.788421
0.730034
0.822215
0.767664
0.780818
0.757870
0.711386
0.813226
1.059223
0.747218
1.070656
1.064250
0.985339
1.036099
0.863695
0.972277
0.975239
1.119969
0.843996
1.060500
1.089968
0.984896
0.735836
0.873384
0.804074
0.823603
1.019442
0.770403
0.839624
0.899633
0.645353
0.792927
0.847414
1.314915
0.837904
0.736263
0.949581
0.761354
0.656297
0.809426
0.888273
0.656600
0.954144
0.673738
0.708266
0.902178
1.205560
0.819033
0.624214
0.817966
0.947641
0.733547
1.009187
0.951979
0.907646
0.898121
1.041932
0.875041
0.832897
0.768662
0.769784
1.078766
1.233454
0.887985
0.949781
0.674936
0.808956
1.084323
0.914869
0.877785
0.782967
0.631189
0.693040
0.979884
0.922765
0.815779
0.916624
0.938433
0.793044
0.790950
0.999867
0.781550
0.952143
0.894713
0.916565
0.863524
1.229010
1.048898
0.720202
1.125709
1.019881
0.777238
0.885178
0.789422
0.625637
0.888254
0.657295
0.762607
0.879355
0.724801
0.869931
0.813500
0.687158
0.963084
0.759982
0.812450
0.889695
0.913567
0.894828
0.924625
1.110984
0.688430
1.032745
0.917742
0.846210
0.989858
1.013650
0.737535
1.004224
0.784575
0.893453
0.840195
0.640360
0.653223
0.766390
0.659074
0.868179
0.996898
0.926787
0.615546
0.793848
0.791328
0.846235
0.801175
0.833738
0.586863
0.874113
0.720245
0.585930
1.019742
0.743889
0.748552
0.937857
0.839975
0.838311
0.994873
0.925526
1.074306
1.032997
0.779461
0.823266
0.839616
1.020859
0.718654
0.554332
1.058733
0.672558
1.072952
1.030904
0.954344
0.989958
0.767741
0.786652
0.810444
1.054586
0.919262
0.906639
0.611845
0.693251
0.862991
0.889557
0.743263
0.989889
0.890150
0.705537
0.807045
1.030944
0.845246
0.717207
0.752664
0.734828
1.185568
0.991024
0.782726
0.904368
0.772102
0.782333
0.906158
0.675931
0.835239
0.668084
0.789113
0.756938
0.745472
0.820793
0.907143
1.228827
0.848312
1.079400
0.778093
0.936405
0.718948
0.634962
0.893258
0.833528
0.918435
0.656696
0.807963
1.025244
0.712453
0.955891
1.119455
0.877848
0.890270
0.986085
0.760686
1.004720
0.815905
0.822138
0.671097
1.190311
1.229971
0.782791
0.766456
0.895527
0.766382
0.608513
0.889462
0.913420
0.730418
0.773650
0.671110
0.809556
0.951261
0.766668
0.737818
0.934956
0.976470
0.814738
0.766656
0.749263
0.680387
0.733819
0.710614
0.933684
0.799268
0.882979
0.971248
1.046543
0.951991
0.779792
0.902189
1.022180
0.977582
0.778939
0.812081
0.993902
0.654346
0.809452
0.921461
0.941733
0.731102
0.593217
0.798985
0.880128
0.815586
0.899339
0.760524
0.888453
0.885233
0.702946
0.837922
1.251388
0.827551
0.664504
0.703870
0.884547
0.944509
0.675679
0.793092
0.871926
0.760769
0.993312
0.811546
0.759701
0.944442
0.892708
0.877345
0.746677
0.829376
0.713855
1.059279
0.881337
0.911345
0.657021
0.993289
0.879094
0.790467
0.610491
0.823041
0.770396
0.922404
1.003987
1.057056
1.038900
0.904420
0.768425
0.741242
0.972444
0.702044
1.233693
0.912581
0.844634
0.717926
0.841507
0.947065
1.109321
0.695262
0.708111
0.683264
1.035283
0.755324
0.874877
0.657717
1.064083
0.902536
0.735383
0.879891
0.905904
0.667246
0.931878
0.612406
1.059756
0.813720
0.977760
0.647864
0.799876
0.802173
0.638813
0.813892
0.609387
0.898466
0.667845
0.828983
0.625931
0.792048
0.778849
0.830421
0.685743
0.904566
0.703525
0.723160
0.897483
1.029441
0.902744
1.037825
0.953760
0.924896
0.781103
0.776951
0.863786
1.007152
0.666550
0.697887
0.944052
0.957150
0.829180
0.916735
1.036965
0.735613
0.880633
0.653777
0.960447
1.015529
0.678112
0.728285
0.664607
0.653614
0.578384
0.688334
0.850881
0.891736
1.014108
1.066367
0.701447
0.898158
1.291717
1.137109
0.746709
1.133307
0.803384
1.081030
0.897796
0.949304
0.624550
0.911441
1.050058
0.704536
1.141338
0.947160
0.752335
0.811930
0.797363
0.868388
0.832747
0.672998
0.889068
0.894180
0.858232
0.682217
0.857320
1.025376
0.654578
0.940395
0.883661
0.795804
0.747206
0.878579
0.659981
0.741066
0.663954
0.529786
0.906219
0.838202
0.782004
0.939547
0.881662
0.946181
0.871069
0.723920
0.913403
0.751471
0.781357
0.987878
0.764797
0.703147
0.915110
0.700449
0.707232
0.688208
0.656179
0.944314
0.950923
0.683396
0.838911
0.597173
0.597463
0.917104
0.805817
0.752174
0.697893
0.688777
0.860095
0.798201
0.791984
1.123466
0.626613
0.704225
0.746006
0.905446
0.973586
0.876319
0.770604
0.817466
1.021801
0.868065
0.640651
0.793567
1.145343
1.225272
0.642732
0.624981
0.931488
0.951913
1.170511
0.879403
0.948355
0.877770
0.651863
0.887527
0.935676
0.895932
0.690747
0.549010
0.616387
0.917230
0.706368
0.974251
0.715215
0.819597
0.876384
0.968806
0.661157
0.712322
0.834971
1.059704
0.727350
1.017950
0.902663
0.883008
0.759428
1.007293
0.948121
0.846551
0.953671
0.998105
0.867874
1.153597
0.874157
0.825121
0.755924
0.978406
1.077443
0.943622
0.999679
0.630094
1.021300
0.930580
0.920137
1.011898
1.035057
1.119413
0.994119
0.989857
0.677582
0.610210
0.841179
0.988987
0.741049
0.716673
1.018355
0.922688
0.929451
0.956539
0.766332
0.641929
0.993226
0.840070
0.819777
0.778440
0.904825
0.932800
0.891022
0.781232
0.823061
0.988550
0.973841
0.912205
1.047480
0.633053
0.893240
0.888020
0.985086
0.968806
0.795836
1.073297
0.724541
0.879326
0.843677
0.807847
0.754379
0.645048
0.788333
0.883304
0.892801
0.684426
0.848952
0.816040
0.728657
0.777887
0.579090
0.905418
0.779802
1.051067
0.824979
0.930273
0.903415
1.047385
0.693240
0.759124
0.742013
0.954346
0.916943
1.016976
1.210613
1.057655
0.848929
0.748090
1.024011
0.759926
0.614807
0.652866
0.660082
0.784556
0.819344
0.881873
0.717578
0.990237
0.891182
1.020691
0.752035
1.108162
0.856788
0.787640
0.910434
0.824030
0.552091
0.849231
0.914856
0.958248
0.790055
0.792256
0.897632
0.564616
0.601564
1.074957
0.686328
0.768101
0.914627
1.052264
0.909399
0.856703
0.958173
0.698472
0.944395
0.975386
0.915634
0.854106
0.816493
0.996614
0.743804
0.827115
1.023101
0.998068
0.845354
0.729359
0.672096
0.715863
0.871773
0.805889
0.897524
0.821007
0.995541
0.730475
0.793088
1.019007
0.866091
0.675117
0.741340
1.038616
0.799467
0.972405
0.738479
1.007127
0.815037
0.928329
0.676722
1.079333
1.100955
0.797440
0.837136
0.869440
0.810108
0.591030
0.819866
0.716505
1.032772
1.002883
0.924820
0.600186
0.753815
0.734859
0.770211
0.781342
0.761130
0.984555
1.045629
1.083104
0.887766
0.904881
0.980527
0.669886
0.731835
0.885622
0.711352
1.092661
0.939376
0.632597
0.859659
0.580074
0.672692
0.643210
0.864243
0.882800
0.972070
0.694834
0.785146
0.926632
0.904501
0.802845
0.845483
1.024104
0.668782
0.675451
0.602558
0.981893
0.734120
0.688500
0.989236
0.913327
0.673564
0.566180
0.709111
0.838496
0.956151
0.767174
0.918151
0.909848
0.700741
0.886353
0.828186
0.861272
0.646198
1.116957
0.873356
0.910843
1.039151
0.942947
0.776053
0.890662
0.685826
0.913559
0.603870
0.650483
0.802090
0.762108
0.923945
0.741987
0.610056
0.717746
0.599149
0.674662
0.981282
0.671569
0.762311
1.018311
0.994875
0.754544
0.804712
0.969219
0.919615
0.812247
0.847067
0.586008
0.770279
0.762120
0.734381
0.577434
0.663994
0.817034
0.678591
0.762393
0.751155
1.039680
0.684972
1.008000
1.009678
1.083506
0.808576
0.748362
0.864204
0.788441
0.753079
1.037605
0.911010
0.772127
0.943359
0.786431
0.809225
0.664134
1.163369
0.876706
0.823739
0.841235
1.026249
0.724791
0.662830
0.884465
0.727650
0.776625
0.941923
0.962817
0.932489
0.931763
1.096156
0.607309
0.869702
0.810552
0.772414
0.676127
1.077126
0.876960
0.763195
0.823939
0.595942
0.760213
0.925546
0.786269
0.782248
0.924271
0.931891
0.838351
0.823600
0.617374
0.734409
1.145931
0.617958
0.916289
0.664729
0.936942
0.641036
0.990477
0.934833
0.680412
0.934146
0.654306
0.821262
0.964004
0.831507
1.003628
0.783965
0.886211
0.764159
0.929389
0.693910
0.881436
0.996658
1.044946
0.753735
0.764639
0.857624
0.715999
0.791197
0.817505
1.064058
0.760891
0.814980
0.836863
1.264012
0.928758
0.817980
0.928859
1.008663
0.842321
0.752288
0.659348
0.665726
0.765720
0.977944
1.032826
0.551751
0.902568
0.707645
0.869178
0.659539
0.816378
0.799520
0.922840
0.895272
0.602974
0.720412
1.055250
0.878758
0.802139
0.658809
0.861559
0.813868
0.662528
0.725746
0.990089
0.795379
0.656349
0.565538
1.093941
0.828910
0.797186
0.784723
0.763268
0.963561
0.768233
1.125278
0.785076
0.908394
1.007361
0.583519
0.673434
0.747476
0.672129
0.957539
0.535054
0.733604
0.888859
0.851731
1.173695
1.056621
0.765589
1.028091
0.811942
0.626199
0.915391
0.774126
0.736838
0.735858
0.848492
0.918728
0.835579
0.859488
0.864912
0.745672
0.682682
0.915354
0.803822
0.681774
0.844577
0.627145
0.964806
0.814689
0.868302
0.808604
0.839343
0.806949
0.808878
1.083357
0.939611
0.844791
0.923173
1.100814
0.934290
0.955268
0.809141
0.823162
0.697451
0.795250
0.803254
0.800251
0.565965
0.951407
1.009430
1.009563
0.640638
0.906218
0.709492
0.914137
0.675341
0.993604
0.864484
0.710976
0.758784
0.813901
0.776058
0.580130
0.876741
0.763205
0.645877
0.842264
0.935645
0.855840
1.080472
0.854597
0.847988
0.930342
1.102280
0.725599
0.777582
0.985152
0.917074
0.724681
0.856277
1.058704
0.969379
0.770122
0.721586
0.768805
0.754043
0.785609
1.052543
0.841074
0.999494
0.920965
0.836414
0.818069
0.966489
0.944794
0.915939
0.815977
0.967317
0.891284
0.895799
0.702192
0.818634
0.809495
0.949142
0.856818
0.664478
0.917261
1.048389
0.896082
0.986727
0.720151
0.733831
0.988047
0.936834
1.083313
0.731723
0.627903
0.553902
0.489967
0.904408
1.075982
0.970758
0.820985
0.862944
1.089297
0.718011
0.932511
0.816356
0.936398
0.886787
0.794530
0.811302
0.850354
0.617081
0.856466
0.898157
0.933814
0.732820
0.792304
0.647469
0.927169
0.815288
0.783176
0.859935
0.638761
0.821155
0.797174
1.025510
0.785389
0.738227
0.722943
0.836114
0.865486
0.644543
0.878669
0.799499
0.911055
0.853432
0.796462
0.663744
0.819838
0.886095
1.218172
0.602333
0.670698
0.728098
0.737470
0.762880
0.784679
1.034743
1.055211
0.949683
0.778658
0.578484
0.662834
0.677732
0.851748
0.803999
0.669802
0.646426
0.792306
0.984108
0.765148
0.571479
0.684978
1.099474
0.627044
0.841724
0.934575
0.616364
0.745907
0.791303
0.970312
1.028566
0.752550
0.862678
0.882169
0.991188
1.076746
1.025286
0.960221
0.882809
0.588405
0.872483
1.026287
0.797548
0.720570
0.817158
0.858553
0.737780
0.820356
0.624742
0.646189
0.958222
0.991772
0.621871
0.878858
0.688967
0.931228
0.784976
0.561130
0.913456
0.754965
1.125636
0.731613
0.900542
0.999990
1.147236
0.678452
0.760379
0.908621
0.910953
0.878756
0.890840
0.639457
0.802430
0.889147
1.123973
0.809853
0.764142
0.860156
0.785176
0.825584
0.836407
0.967623
0.663049
0.915976
0.903818
0.917482
0.829708
1.070978
0.756358
0.616165
0.741796
0.646039
0.824833
0.654913
0.826750
0.848777
0.919850
0.776809
0.692436
1.049638
0.827384
0.642867
0.576218
0.681483
0.674289
0.877417
0.995546
0.682061
0.996126
0.891428
0.804008
0.874223
0.755577
0.865753
0.709148
0.844879
0.720437
0.757521
0.795585
1.031515
0.582802
1.038270
0.587865
0.652890
1.038053
0.752552
0.965413
0.751011
1.087883
0.839606
0.873679
0.740958
0.862250
0.776340
0.849782
0.700431
0.966251
0.711036
0.736103
0.890453
0.885049
0.736403
0.792182
0.698860
0.849922
1.012747
1.075300
0.616175
0.782243
0.921321
0.726552
0.698436
0.967082
0.794227
1.016001
0.933350
0.749159
0.553119
0.864089
0.679008
1.125309
0.851000
0.993373
0.675170
0.637862
0.714443
0.948436
1.007254
0.767736
0.861856
0.722320
1.068784
0.718569
0.782387
1.075541
0.685170
0.848012
0.755673
0.677826
0.694979
1.030506
0.752191
1.000835
0.834681
1.189529
0.822654
0.832732
0.909141
0.836082
0.758701
0.695987
0.904147
0.988315
0.804665
0.799907
0.632324
0.676892
0.830498
0.645190
0.978708
0.791841
0.776811
0.645088
0.692015
0.954816
0.922803
0.821247
0.688913
0.606476
0.668701
0.881445
0.927672
0.830176
0.903853
0.581771
0.573835
0.887712
0.768432
0.786003
1.090101
0.880527
0.691351
0.670895
0.805870
0.986788
0.683951
0.671850
0.752634
1.054869
0.721470
1.028040
0.718866
0.961890
0.778044
0.727987
0.662891
0.935202
0.749512
0.821339
1.163213
0.752010
1.035594
0.551118
1.131530
0.772102
0.717089
0.917304
0.851210
0.661498
0.644344
0.854808
0.768353
0.789063
0.981292
0.689472
0.762632
1.131189
0.806828
0.747701
0.707870
0.741412
1.068071
0.552475
0.879145
0.763336
0.873555
0.748824
0.830309
0.742235
0.841499
1.008841
0.940537
0.656076
0.986508
0.662270
0.636751
0.695406
0.817800
1.107470
0.936137
0.806397
0.665830
0.996495
0.847759
0.920253
0.558727
0.866763
1.018133
0.591279
1.051476
0.753776
0.863588
0.852510
0.635565
0.939205
0.905653
0.789411
0.959782
0.921289
0.825478
0.610304
0.716791
0.745551
0.948287
0.669387
0.812587
0.613586
0.836061
0.788314
0.834846
0.872837
0.625305
0.639694
0.812248
0.749414
0.737172
0.600744
0.712999
0.938497
0.741826
0.705050
0.624541
0.896842
0.696774
0.837994
0.772407
0.774690
0.664094
0.595999
0.794979
0.866261
0.838189
0.670463
0.873951
1.078398
0.704880
0.922684
0.775118
1.082220
0.654681
0.817886
0.701827
0.778000
0.833314
0.895175
1.093239
0.715164
0.996793
0.950960
0.701295
0.919646
1.033937
0.746142
0.645442
0.960463
0.750576
0.855841
0.948962
0.892306
1.014094
0.855672
0.882246
1.060837
0.853591
0.885930
0.892601
0.778454
0.913452
0.545487
0.738210
0.886992
1.088945
0.788150
0.805434
0.571446
0.749984
0.832733
0.756841
0.756774
0.963175
0.672392
0.759678
0.574100
0.674606
0.622984
0.743003
0.883733
0.932400
0.687661
1.037778
0.853783
0.850920
0.624813
0.798563
0.612441
0.822048
0.855789
0.956945
1.015712
0.961975
0.865335
0.871736
0.670316
0.925971
1.032116
0.632032
0.809932
0.894766
0.772512
0.640021
0.823236
0.790775
0.677480
1.005766
0.860796
1.036995
1.021294
0.837289
0.981347
0.682661
0.765326
0.898664
0.636008
0.786681
0.858454
0.794795
0.726540
0.811189
0.772461
0.814375
0.965954
0.884488
1.010792
0.818661
0.843873
0.730761
0.975602
0.712863
0.832020
0.840805
1.032325
0.812477
0.803228
0.771394
0.787806
0.728827
0.544794
1.002496
0.838006
0.743530
0.683239
0.739643
1.132631
0.720007
0.915389
0.784900
0.807388
0.667605
0.801397
0.856068
0.708421
1.005311
0.588479
0.914773
0.863467
1.088766
0.865465
0.776530
0.758357
1.061544
0.862181
0.950891
0.998313
0.764548
0.643115
1.001290
0.509259
0.726938
0.940970
0.922614
0.795930
0.908554
0.812091
0.889493
0.952974
0.831020
0.947865
0.688240
0.885687
0.886781
0.659881
0.714570
0.982546
0.812084
0.981502
0.614141
0.950710
0.803383
1.092982
0.631948
0.766254
0.897743
0.715859
0.704744
1.144969
0.786581
1.041831
1.009786
0.952524
0.789845
0.485467
0.745574
0.671846
0.669211
0.920877
0.503033
0.736574
1.049051
0.917392
0.761258
1.125517
1.130910
1.093540
0.759611
1.076937
0.893473
0.959832
0.684329
0.840036
0.921918
0.954431
0.851524
0.968416
0.819398
1.030822
0.720506
0.625187
0.721902
0.756288
0.860736
0.831146
1.128628
0.742327
0.881989
0.970874
0.896805
0.843836
0.919041
0.558677
0.872943
0.627351
0.778831
0.635310
0.690113
0.926971
1.048373
0.754732
0.802938
0.798707
0.789808
0.672440
0.766514
0.733687
0.874293
0.764578
1.002112
0.633887
0.846020
0.870862
0.669003
1.012750
1.035400
0.627477
0.673355
0.812504
1.088056
0.598393
1.012565
0.528965
1.013803
0.870162
1.057584
0.885967
0.860927
0.991160
0.874084
0.856972
0.823207
0.633271
1.007945
0.656579
0.958578
0.772579
0.742276
0.619030
0.825751
0.798188
0.794139
0.930832
1.007036
0.839788
0.810549
0.893957
0.882389
0.706408
0.606436
0.981311
0.972008
0.853528
0.714721
0.734102
0.635425
0.854645
0.787056
0.661177
0.701078
0.813483
0.729129
0.980595
0.786763
0.817190
0.833668
0.745663
0.955982
0.853807
0.743267
0.894085
0.834813
0.832912
1.037959
0.578222
0.626709
0.689551
0.660105
0.653026
0.957761
1.007322
1.046883
0.610672
1.029645
0.815488
0.799158
0.689856
0.973481
0.819029
0.579052
0.884459
0.906507
0.611982
0.733986
0.878021
0.528394
0.845072
0.868346
0.630901
0.874272
0.598417
0.800675
0.961836
0.837711
0.885081
0.841457
0.889486
0.938979
0.804871
1.127497
0.871372
1.084993
0.884504
0.706610
0.781531
0.958341
0.730575
0.930815
0.882855
0.704561
0.799866
0.935268
0.687831
0.748099
0.505524
0.782405
0.969392
1.048754
0.853902
0.835052
0.583547
0.706935
1.104428
0.949929
0.870393
0.982834
0.923607
0.789363
1.011225
1.024236
0.971048
0.839919
0.656262
0.978275
0.899111
1.040513
0.879908
0.521460
0.755112
0.826334
0.713972
0.774138
0.860374
0.763694
0.729702
0.997963
0.747689
0.823776
0.873820
0.668563
0.791151
0.916864
0.793245
0.871791
0.959685
0.862973
0.650216
0.749446
0.865030
0.881839
0.743168
0.909816
0.805604
0.687405
0.790127
0.918975
0.613028
0.652782
0.813207
0.772785
0.917253
0.943932
0.955856
0.900600
0.937979
0.959360
0.711210
0.820278
1.067175
0.901953
0.971737
0.856236
0.619029
0.845401
0.838447
0.831480
0.824633
0.675309
0.901806
1.059109
0.795971
0.669031
0.881802
0.829885
0.756707
0.627665
0.993880
0.777193
0.889726
0.708659
0.800900
0.685385
0.825192
0.980544
0.742514
0.823068
0.929848
0.876714
0.810802
0.952569
0.753091
0.812374
0.744204
0.967138
0.586515
0.685610
0.604840
0.925103
0.676579
0.667211
0.722183
0.766094
0.915085
0.832938
0.622966
0.604353
0.996475
0.721877
0.849554
0.844064
1.013268
0.764762
0.819576
0.662761
0.729546
0.958911
0.914028
0.665601
0.856853
1.053985
0.688336
1.132834
1.023808
0.745522
0.768162
0.955471
0.824143
0.885522
0.898660
0.894223
0.883850
0.957977
0.611246
0.919622
0.951964
0.690855
0.870359
0.799509
0.657825
0.982382
0.950474
0.758650
0.710186
0.758013
0.814029
1.098095
0.950444
0.874680
0.992800
0.813147
0.879716
0.837816
1.102579
1.050592
0.811326
0.725608
0.636735
0.828026
0.985241
0.897369
0.664862
0.829674
0.783597
1.093937
0.765810
1.114470
1.027641
0.629327
0.708987
0.898597
0.897850
0.643951
0.633586
0.813344
0.873152
0.670518
0.707265
0.967662
0.752667
0.684008
0.850556
0.644640
0.667167
0.613491
0.638453
0.641263
0.973159
0.660352
0.905125
0.749011
1.015845
0.545209
0.753895
0.927692
0.786839
0.909791
0.715282
0.899771
1.014979
0.833521
0.787176
0.927193
0.675712
0.772605
0.918561
0.718829
0.910813
0.983819
0.964435
0.749327
0.882853
0.908725
0.898343
1.030601
0.710950
0.809382
0.870787
0.776980
0.872374
0.668190
0.756824
0.885539
0.708376
0.701210
0.869323
1.067825
0.985941
0.944772
0.842246
0.523827
0.743027
0.866911
0.695269
0.542991
0.898307
0.703635
0.742152
0.649204
0.769851
0.941172
0.802098
0.827381
0.853284
0.785535
0.701905
0.863846
0.946711
0.716275
1.044505
0.624516
0.770565
0.923186
0.732215
0.750119
0.755527
0.938793
0.783753
0.780801
0.733217
0.833069
0.987919
0.734358
0.774684
0.723940
0.915564
0.884737
0.928176
0.734853
0.727957
1.112123
0.700018
0.831174
0.934331
0.763109
0.714266
0.991249
0.869546
0.763841
0.873392
1.076151
0.697071
0.704029
1.091701
0.636877
0.943945
0.659650
0.859485
0.779944
0.866679
0.631258
0.796053
1.079015
0.803854
0.761322
0.774792
0.800778
0.743414
0.911351
0.737892
0.776067
0.749152
0.748008
0.895373
0.929875
0.755073
0.803889
0.801923
0.702938
0.948134
0.833678
0.795819
1.075352
0.878603
0.764824
0.839094
0.810258
0.851872
0.728386
0.648733
0.834216
0.830462
0.800795
0.865780
0.805303
0.904929
0.744924
0.584681
0.792952
0.607048
0.985446
0.862894
0.883354
0.824024
0.962576
0.659299
0.986670
0.746906
0.774806
0.823743
0.703964
0.721441
0.636439
0.772510
1.082907
0.616554
0.890909
0.873222
0.760807
0.980264
0.773646
0.914774
0.968346
0.772973
0.980367
0.733675
0.973565
0.867165
0.982513
0.827306
0.682697
0.707666
0.939920
0.841895
0.659110
0.767902
0.682004
0.659025
0.769986
0.684660
0.684147
0.882365
0.927433
0.845936
0.893917
1.065218
0.986892
0.975925
0.775475
0.813389
0.662336
0.799016
0.673863
0.880070
0.814751
0.882285
0.750005
0.844075
0.831033
0.691802
0.654459
0.833911
0.759861
0.869102
0.724342
0.953530
1.033792
0.707778
0.905697
1.089003
0.872949
0.778334
1.116171
0.942449
0.684568
0.724936
0.812009
0.639229
1.008573
0.766468
0.844047
1.029948
0.851466
0.976025
0.980758
0.927119
0.640738
0.956372
0.961273
0.942098
0.539544
1.049543
0.843828
0.923376
1.019847
0.646747
0.943535
0.985825
1.005902
1.045773
0.881207
0.882879
0.745276
0.924051
0.836813
0.817055
0.678692
0.859036
1.000409
0.909080
0.989903
0.776612
0.600507
0.730333
0.884940
0.762585
0.765405
0.771395
0.716888
0.998720
0.934353
0.920622
0.966783
0.708968
0.747630
0.849606
0.743126
0.794104
0.778470
0.566450
0.789571
0.714684
0.665682
0.873320
0.945488
0.869745
1.007870
0.746852
1.001158
0.652783
0.730602
0.829877
0.741359
0.864678
0.696096
0.848577
0.910252
0.829239
0.751088
0.690099
1.056333
0.901684
0.764614
0.748682
0.660833
1.063226
0.888506
0.738548
0.891210
0.617894
0.783245
0.627329
0.752413
0.805569
0.920720
0.896988
0.765210
0.721368
0.835862
0.785237
0.953934
0.824918
1.020625
0.801267
0.773680
0.684696
0.678470
0.792800
0.816406
0.712796
0.891960
0.743024
0.853674
0.925181
0.728673
0.881501
0.975099
0.784658
0.638604
0.761415
0.859945
0.677167
0.765271
0.869850
0.917173
0.986426
0.759039
0.762065
0.877633
0.756630
0.769690
0.999173
0.644496
0.978087
0.948613
0.988080
0.943452
0.626162
0.686278
0.747641
0.602270
0.934330
0.968655
0.855829
0.856256
0.910636
0.580257
0.639448
0.798963
0.785299
0.808937
0.697877
0.611980
0.699421
0.904568
0.908601
0.962833
0.726997
0.863728
0.646517
0.795421
0.996213
0.794255
0.884180
0.908548
1.027294
0.881374
0.556298
0.759423
0.790054
0.697561
0.929762
0.884303
0.689050
0.779990
0.982395
0.749811
0.653408
1.014337
0.993875
0.879771
0.587611
0.684226
0.979060
0.697647
0.907403
0.852826
0.810433
0.712387
0.931849
0.803409
0.733322
0.723162
0.968848
0.731852
0.853407
0.701476
0.789433
0.888728
0.936782
1.004369
0.843571
0.726119
0.702226
0.706957
0.932378
0.806310
0.828527
0.745769
0.906795
0.891537
0.929147
0.936398
0.725374
0.646932
0.957307
0.975380
0.906761
0.845940
0.871779
0.705318
0.914026
0.614652
0.572582
0.715842
0.911260
0.905392
0.749778
0.756388
0.594613
0.970404
0.749436
0.893125
0.938806
0.773626
0.702033
0.636704
0.644293
0.712039
0.829903
0.881816
0.739409
1.108672
0.724157
0.704077
0.890070
0.755745
0.767798
0.902212
0.625861
0.835464
0.910248
0.743751
0.544510
0.643489
0.749222
1.003873
1.095311
0.813051
0.900153
0.869373
0.822827
0.862229
0.759139
0.987072
0.802446
0.829174
0.788596
0.620160
0.784722
0.878859
0.964746
0.695796
0.757435
0.601929
0.785039
0.955487
0.919948
0.781965
0.964309
0.690421
0.840669
0.925886
1.001909
0.562333
0.977617
0.807039
0.695103
0.796693
0.714861
0.595571
0.876165
0.662514
0.834035
0.866664
0.936937
0.713308
1.138286
0.819750
0.638520
0.906404
0.723737
0.719235
0.913118
0.945647
0.910359
0.926945
0.667164
0.724329
0.910616
0.798152
0.703721
0.837365
0.772964
0.836631
0.923078
0.815323
0.634863
0.677459
0.733140
0.743011
1.004504
0.705328
0.656869
0.970590
0.739123
0.899333
0.731943
0.880826
0.793393
0.972856
0.906290
0.843977
0.773372
0.748685
0.666832
0.897706
0.876832
0.863312
0.872032
0.941904
0.795708
0.887463
0.862424
1.064576
0.956474
0.943787
0.754215
0.756071
0.949141
0.585857
0.773801
0.710280
0.836319
0.973885
0.646693
0.941517
0.881031
0.840564
0.914630
0.825196
0.826895
0.795953
0.814190
0.934731
0.858531
0.737350
0.961033
0.691316
0.969873
0.922940
0.745213
1.136738
0.669443
0.700824
0.889825
0.830411
0.625082
0.746803
0.636128
0.847361
0.822750
0.630959
0.604736
0.874659
0.984244
0.937825
0.737979
0.961901
0.726346
1.203579
0.740663
0.692153
1.012122
0.785926
0.696795
1.140842
0.705219
0.881783
0.826735
0.842733
0.897423
0.792614
0.891013
0.822324
0.823593
0.909934
0.799222
0.713459
0.863970
0.911478
1.026832
0.815428
0.640286
1.062092
1.011130
0.811001
0.905049
0.868142
1.027618
0.678424
0.819525
0.634123
0.907845
0.550274
0.798581
0.653658
0.863936
0.756140
0.793058
0.868444
0.874853
0.802223
0.694215
0.806812
0.872655
0.933389
0.651327
0.563138
0.814163
0.846281
0.686078
0.717586
0.644075
0.545343
1.011799
0.736057
0.720823
0.632702
0.892697
0.908586
0.824592
0.948273
0.643976
0.640159
0.947097
0.958776
0.901915
0.699245
0.618329
0.836598
0.800975
0.808027
0.727832
0.646188
0.921080
0.943352
0.680186
0.802405
0.717466
1.112170
0.879400
0.716694
0.883127
0.866843
0.676579
0.769555
0.777616
0.678044
0.634310
0.970663
0.629586
0.994238
0.600128
0.803454
0.592383
0.932363
0.591006
0.826486
0.972917
0.802163
0.805088
0.837964
0.808620
0.701398
0.854594
0.818160
0.836541
0.839418
0.674617
0.787613
0.684216
0.950087
0.797358
1.013052
1.082982
0.629526
0.933569
0.650104
0.786960
0.933513
0.929033
0.854001
0.827336
0.808363
0.621074
0.819763
1.147933
1.183465
0.627302
0.888433
0.860441
0.777541
0.856476
0.827727
0.965702
0.977705
0.741442
0.617346
0.873577
0.812245
0.754213
0.817781
0.881040
0.704518
1.033190
0.663988
1.127527
1.070193
0.743341
0.716945
0.654193
0.728563
0.693747
0.881399
0.684524
0.615508
0.769885
0.765404
0.837668
0.603748
0.755840
0.764436
0.820247
0.607590
0.918325
0.909885
0.920141
0.950799
0.609168
0.812953
0.717890
0.869748
0.770656
0.741117
0.924385
0.732572
0.977515
0.889947
1.103923
0.825032
0.878119
0.857246
0.604605
0.943890
1.018112
1.092243
0.898041
0.987423
1.010250
0.855671
0.634204
0.672828
1.003863
0.981007
0.783331
0.809669
0.732361
0.765196
0.743832
0.862550
0.789156
0.740839
0.696518
0.607536
0.580131
0.793996
0.833869
0.704892
1.041293
0.875021
0.639286
0.790209
0.932004
0.868236
0.807339
0.935542
0.745531
0.932613
0.774709
0.925019
0.876037
0.865057
0.564448
0.893893
0.729610
1.001303
0.712830
0.613351
0.812955
0.667405
1.056112
0.723687
0.736194
0.637722
0.847831
0.794562
0.673439
1.011059
0.979408
0.699726
0.920726
0.627742
0.596548
0.711807
0.727493
0.704415
1.063213
0.825529
0.831300
0.790317
0.954361
0.890715
0.835878
0.705881
0.562785
0.728465
0.859750
0.719482
0.749931
0.825254
0.869902
0.754526
0.796906
0.723511
0.640364
0.706895
0.705560
0.902255
0.830272
0.968260
0.768719
0.690673
0.711459
0.595003
0.972050
0.760282
0.768185
0.953214
0.944386
0.879598
0.796842
0.600279
0.673288
0.648202
0.664543
0.667539
0.830705
0.642038
0.736966
0.730044
0.779480
0.659192
0.928465
0.858343
0.800248
0.603052
0.735784
0.861788
0.587278
0.702546
0.879108
1.010041
0.915290
0.817854
0.721928
0.773354
0.902977
0.635267
0.765954
0.970867
0.808956
0.612303
0.912406
0.606134
1.001960
0.759008
0.792634
0.745706
0.762942
0.823762
0.858221
0.864183
0.684922
0.753057
1.022286
0.556734
0.731170
0.794918
0.731898
0.614358
0.718135
0.546313
0.751730
0.692090
1.015950
0.851421
1.049617
0.906656
0.774966
1.163541
0.885170
0.690997
0.709871
0.839975
0.933000
1.088426
0.836918
1.046757
0.682338
0.680600
0.932470
0.898198
0.837506
1.013254
0.711249
1.064389
0.866746
0.831653
0.916735
0.815168
0.879904
0.863118
0.931085
0.944649
0.672992
0.746230
0.740777
0.699256
0.759587
1.026441
0.854730
0.945837
0.553834
0.538751
0.857040
0.880820
0.877545
0.648456
0.744757
0.671534
0.849055
0.815830
0.830316
0.805025
0.975930
0.811881
0.785641
0.632334
0.727839
0.914952
0.614452
0.712668
0.604778
0.849853
0.759441
0.962077
0.848649
0.666708
0.635176
1.064960
0.770806
0.590523
0.833864
0.850951
0.687757
0.859307
0.705969
0.802010
0.615950
0.665140
0.832587
0.814494
0.634952
0.833297
0.828547
0.788468
0.528725
0.939932
0.740650
0.823989
0.616042
0.781234
0.926682
0.802623
0.992435
0.822037
0.868819
0.831575
0.596586
0.837239
0.785305
0.567453
0.863900
0.914106
1.055510
0.933920
0.970543
0.907950
0.910936
0.649908
0.861086
0.851795
0.813693
0.841642
1.001591
0.964722
0.600373
0.773056
0.793855
0.826007
0.884441
0.788261
1.008717
0.694075
0.658713
0.862456
0.872199
1.015834
1.038808
0.791107
0.733270
0.622307
0.596346
0.811319
0.682625
0.854178
0.678329
0.879553
0.576202
0.899295
0.704491
0.729723
0.922231
0.804871
0.833010
0.577813
0.959810
0.786694
0.768842
0.895183
0.744184
0.596084
0.629231
0.985479
0.779133
0.732027
0.605510
0.687505
0.793633
0.882407
0.582489
0.729713
1.028581
0.833041
0.604173
0.895130
0.554182
0.786146
0.888027
0.816199
0.696617
1.087646
1.050566
0.727756
0.833634
0.918197
0.702691
0.682678
0.837704
0.907864
0.550682
0.865227
0.775854
0.849748
0.844122
0.746414
0.862815
0.634874
1.155846
0.724771
0.897489
0.772964
0.664061
0.605393
0.748408
0.894424
0.734095
0.895100
0.800772
0.913895
0.673450
0.869343
0.975246
0.957149
1.076795
0.657245
0.657492
0.680002
0.770672
0.492276
0.547726
1.022090
0.774503
0.656552
0.729057
1.107482
1.050775
0.863556
0.926409
0.814099
0.830795
0.672267
0.745917
0.786592
0.758596
0.796269
0.665753
0.836991
0.825648
0.902775
0.980952
0.911906
0.974042
0.767943
0.800682
0.817610
0.825078
0.901543
0.911840
0.873758
0.808914
0.764784
0.855573
0.902616
0.637258
0.741706
0.833080
0.768989
0.692380
0.772764
0.904489
0.668116
0.891881
0.730383
0.576361
0.754282
0.892995
0.964597
0.837232
0.826680
0.574921
0.799890
0.770134
0.834989
0.821720
0.784370
0.616045
0.828943
0.813722
0.806689
0.733735
0.992909
0.887301
0.971745
0.490986
0.780077
0.846133
0.670535
0.958585
0.686943
0.768264
0.739250
0.588087
0.588913
0.674857
0.688122
0.891365
0.875382
0.690990
0.723754
0.811936
0.779778
0.671358
0.788348
0.952729
0.577625
0.804591
0.916855
0.637708
0.729303
0.904204
0.975115
0.790927
0.739467
0.827973
0.992930
0.700987
1.046495
0.785928
0.619318
0.858956
0.538070
0.663260
0.835376
0.700340
0.769758
0.738368
0.858622
0.793008
0.807195
0.935015
0.833518
0.753619
0.800433
0.820336
0.800227
0.846549
0.776429
0.786790
0.583345
0.810591
0.660841
0.635992
0.886549
0.613458
0.666361
0.910405
0.724952
0.795150
0.573363
0.760976
0.601216
0.644622
0.686913
1.052393
0.535347
0.708231
0.700403
0.954050
0.849345
0.856134
0.678679
0.943890
0.627819
0.702845
0.736565
0.867871
0.724356
0.957966
0.879645
0.752265
0.725120
0.733176
0.867524
1.035108
0.758829
0.872650
0.583675
0.699036
0.825640
1.070303
0.911163
0.587112
0.921889
0.847741
0.883972
0.782707
0.850294
0.663999
0.756649
0.753349
0.829141
0.803212
0.950012
0.901224
0.746138
0.962564
0.527030
0.545363
0.518962
0.727139
0.662485
0.955653
0.777710
1.064958
0.955942
0.854498
0.905148
0.835155
0.971429
0.588134
0.652003
0.825754
0.984436
0.653331
0.758700
0.880401
0.928894
1.152051
0.770799
0.718814
0.685508
0.737948
0.697882
0.673673
0.826153
0.715295
0.834562
0.850953
0.623569
0.746366
0.717792
0.941148
0.991276
0.726165
1.006448
1.000479
0.751827
0.647991
0.701005
0.919989
0.876768
0.962319
0.779614
0.710383
0.747655
0.717261
0.887188
0.641127
0.973185
0.792746
0.928677
0.633960
0.896954
0.569707
0.866892
0.792160
0.798992
0.961916
0.842977
0.835741
0.874388
0.603360
0.723333
0.663306
0.806611
0.801122
0.747889
0.791806
0.728183
0.827796
0.886756
0.934267
0.877323
0.596920
0.771853
0.609196
0.823912
0.505188
0.962080
0.798907
0.836343
0.950553
0.983028
0.958290
0.673945
0.583780
0.736510
0.879179
0.868690
0.751962
0.919246
0.517069
0.995451
0.880796
0.730769
0.892716
0.860529
0.615896
0.708701
0.841237
0.986001
0.895108
1.018838
0.865083
0.639275
0.775993
0.949008
0.891794
0.819246
0.801113
1.015458
0.828443
0.799672
0.783554
0.748595
0.858920
0.714179
0.928374
0.625068
0.837411
0.877271
0.743601
0.958802
0.625024
1.000456
0.922001
0.689950
0.944898
0.677658
0.696633
1.028039
1.029958
0.732795
0.510024
0.902060
0.922039
0.863860
0.796775
0.600155
0.867388
0.665190
0.627153
0.833937
0.562376
0.758881
0.660309
0.723599
0.854505
0.925887
0.822443
0.776763
0.835440
0.780940
0.730881
0.979099
0.895215
0.836122
1.030620
1.123986
0.591145
0.811145
0.996468
0.756863
0.588471
0.815497
0.702353
0.535104
0.948742
0.735035
0.827119
0.667616
0.753850
0.652176
0.891414
0.745182
0.688497
0.764934
0.610547
0.665474
0.757187
0.924527
0.733626
0.916802
0.918226
0.749641
0.645336
0.733333
1.032174
0.650144
0.731240
0.879608
0.854739
0.746440
1.003063
0.826528
0.727210
1.007656
0.950803
0.779268
1.083975
0.998693
0.782614
0.890221
0.937395
0.786786
0.665283
0.777560
0.733559
0.962281
0.972922
0.751036
0.806528
0.926782
0.770183
0.889080
0.854773
0.841769
0.637736
0.799696
0.774262
0.840761
0.890576
0.732230
0.788036
0.511169
0.903630
0.615195
0.789275
0.818319
0.895044
0.943849
1.010351
0.758967
0.831319
0.860897
0.898448
0.886757
0.836244
0.970687
0.755921
0.898187
0.567627
0.638033
0.749558
0.988190
1.057183
0.845306
0.759977
1.044477
0.797915
0.655004
0.904323
0.782718
0.787548
0.622447
0.605218
0.840702
0.713279
0.720507
0.696829
0.815254
0.563244
0.680153
0.699241
0.737720
0.791227
0.620201
0.796407
0.768443
0.895216
0.542643
0.831502
1.041889
0.848425
0.603622
0.847467
0.606055
1.016471
0.662216
0.674078
0.852709
0.745052
0.588317
0.916630
0.733870
1.048129
0.759007
0.887468
0.878835
0.786059
0.956632
0.716526
0.806508
0.701278
0.779374
0.735806
0.692077
0.625238
0.954923
0.755625
0.587559
0.855368
0.801859
0.823049
0.604420
0.892153
0.813890
0.906660
0.837145
0.603636
0.854128
1.081189
0.818996
0.781714
0.579206
0.870684
0.790251
1.084862
0.779237
0.842304
0.809353
0.854017
0.980151
0.908750
0.675166
0.826321
0.509827
0.713276
0.699465
1.024421
0.998897
0.682310
0.832252
0.692971
0.828389
0.898621
0.669053
0.823304
0.548285
0.882381
0.717339
0.653761
0.651509
0.783640
0.707181
0.599296
0.845737
0.651938
0.604164
0.668266
0.891043
0.988784
0.830237
0.716395
0.883305
0.793810
0.810479
0.804001
0.861484
0.781132
0.795811
0.786958
0.760204
0.846253
0.780713
0.856144
0.526518
0.634680
0.691824
0.956729
0.934075
0.908248
0.707847
0.865143
0.553058
0.733896
0.701086
0.572061
0.702998
0.978518
0.854914
0.731186
0.499241
0.842176
0.661142
1.017015
0.799418
0.938187
0.563061
0.766390
0.864725
0.764652
0.942210
0.828051
0.774405
0.764982
0.704697
0.944598
0.527128
0.671604
0.730336
0.632968
0.934552
0.922364
0.887318
1.008761
0.802670
0.726115
0.813258
0.632656
0.703343
0.782385
0.868668
0.814433
0.646358
0.712694
0.733059
0.683371
0.791525
0.991563
0.818212
0.945359
0.686463
0.916007
0.854894
0.743145
0.880547
0.946119
0.967009
0.976435
0.808208
1.105914
0.698021
0.940542
0.799619
0.667101
0.792280
0.982712
0.760096
0.862651
0.880202
0.776465
0.653595
0.913461
1.037996
0.812170
0.993237
1.026506
0.571464
0.628391
0.677612
0.675580
0.880265
1.021761
1.018592
0.809850
0.735171
0.885291
1.023485
0.817647
0.976529
0.672480
0.792489
0.746382
0.610466
0.680741
0.727989
0.907588
0.769913
0.635982
0.910287
0.640566
0.918516
0.909463
0.871202
0.993011
0.744304
0.830232
0.622791
0.673619
0.793058
0.681267
0.877116
0.654047
0.808774
0.918298
0.653070
0.670555
0.799179
0.668374
0.765076
0.857357
0.655554
0.795167
0.773963
0.767072
0.905210
0.843959
0.811771
0.829140
0.650243
0.570881
0.862776
0.895014
0.972501
0.754624
0.778777
0.749588
0.594310
0.772042
0.887863
0.668320
0.685061
0.499693
0.757539
0.704273
0.607194
0.913305
0.672771
1.018294
0.636458
0.806208
0.748342
0.672294
0.721901
0.760607
0.921749
0.693029
0.790515
0.646972
0.982955
0.941955
0.754975
0.807125
0.825581
1.025421
0.675011
0.853506
0.587471
0.989159
0.835562
0.696275
0.688425
0.632351
0.557968
0.997870
0.683973
0.732255
0.802483
0.856931
0.961630
0.785798
0.907951
0.915563
0.827389
0.600356
0.985957
0.641993
0.758033
0.653939
0.548320
0.907971
0.847930
0.760174
0.809207
0.487961
0.513672
0.974146
0.827220
0.731791
0.859366
0.873588
0.534214
0.603909
0.863523
0.736753
0.935097
0.722870
0.673795
1.170202
0.946561
0.863939
0.870104
0.719879
0.758843
0.861670
0.942126
0.704935
0.574321
0.714757
0.817720
0.873862
0.944272
0.592256
0.622383
0.905654
0.901559
0.846632
0.688741
0.701811
0.823153
0.696112
0.663480
0.579172
0.845743
0.729543
0.730969
0.517590
0.834796
0.737561
0.912868
0.675588
0.811610
0.799535
0.730618
0.718998
0.972004
0.764910
0.764497
0.794501
0.804228
0.894306
0.806670
0.787084
0.642620
0.935598
0.855241
0.599096
0.826077
0.635224
0.638882
0.768002
0.726149
0.649510
0.620589
0.736552
0.755752
0.823442
0.758452
0.918369
0.782885
0.747767
0.680604
0.931962
0.991069
0.713179
0.771760
0.792809
0.741227
0.594788
0.964010
0.937475
0.689144
0.586979
0.709186
0.840631
0.832116
0.577308
0.692690
0.611074
0.654098
0.847638
0.892434
0.687542
0.671977
1.168014
0.731099
0.933874
0.741642
0.769908
0.999111
0.855052
0.910022
0.788355
0.709385
0.676126
0.774215
0.668272
0.586536
0.718055
1.016528
0.977975
0.585960
0.610626
0.678365
0.600237
0.702640
0.610337
0.618647
0.620562
0.671863
0.914703
0.899005
0.941339
0.834449
0.680428
0.785635
0.844559
0.782357
0.870754
0.861241
0.591177
0.604702
0.576467
0.676539
0.664738
0.683586
0.622181
0.871885
0.688402
0.734218
0.792179
0.949689
0.706048
0.815890
0.779368
0.889706
0.591939
0.807227
0.938200
0.784993
0.834540
0.850216
0.788027
0.969688
0.746882
1.037589
0.887598
0.803333
0.779926
0.618650
0.604916
0.641384
0.685886
0.721481
0.648123
0.723623
0.626781
0.696224
0.951787
0.936908
0.944875
0.787411
0.674226
0.823140
0.779887
0.674825
0.802309
0.736255
0.849193
0.709536
0.933287
0.834507
0.931328
1.023243
1.099908
0.856701
0.944948
0.653598
0.957192
0.568660
0.914834
0.599607
0.847348
0.727244
0.807217
0.796157
0.883062
0.833583
0.790947
0.909201
0.715228
0.848180
0.693669
0.701835
0.733621
0.687148
0.861559
0.963590
0.798640
0.731911
0.495608
0.818874
0.574954
1.041563
0.778278
0.512760
0.920360
0.733410
0.902227
0.694567
0.734340
0.609147
0.774523
0.605799
0.762689
0.843369
0.913422
0.654328
0.739673
0.746835
0.727811
0.674129
0.965833
0.887926
1.013356
0.701906
0.832591
0.550783
0.939173
0.871113
0.756831
0.971612
0.822361
0.860764
0.733499
0.765912
0.691924
0.862507
0.793006
0.748268
0.902254
1.110370
0.741611
0.806640
0.916021
0.661676
0.926149
0.566645
0.897095
0.884876
0.760899
0.632839
0.742018
0.822631
0.645276
0.729881
0.855450
0.668610
0.797258
0.689840
0.713225
0.887744
0.975684
0.755033
0.534589
0.746529
0.709292
0.684716
0.654794
0.835796
0.905164
0.835976
0.642307
0.860835
0.600254
0.883325
0.789446
0.797484
0.791646
0.688738
0.647289
0.882614
0.751453
0.778568
0.904068
0.624502
0.705459
0.670517
0.763826
0.815178
0.705653
0.684999
0.705907
0.747176
0.842778
0.944340
0.847455
0.710935
0.795335
0.959313
0.856463
0.756425
0.845261
0.772763
0.643740
0.723537
0.801233
0.750065
0.791075
1.026278
0.672085
0.623059
0.825864
0.660461
0.736566
0.631932
0.860221
0.615704
0.866922
0.722064
0.631618
1.050038
0.871521
1.020515
0.886339
0.946394
0.744454
0.683249
0.788564
0.497357
0.747446
0.692437
0.869214
0.633943
0.667571
0.673093
0.728465
0.846896
0.567021
0.909619
0.806643
0.725185
0.705829
0.751056
0.758988
0.809611
0.917778
0.720696
0.630079
0.759380
0.946192
0.869265
0.949647
0.831862
0.839442
0.712817
0.783453
0.873132
1.046597
0.834070
0.705498
0.863824
0.663458
0.793880
0.547638
0.619430
0.890854
1.029791
0.676610
0.655439
0.730196
0.791832
0.630870
0.799821
0.722911
0.926454
0.672809
0.730778
0.608322
0.753428
0.633967
0.833207
0.635009
0.661946
0.964047
0.755432
0.772196
0.914555
0.835301
0.746224
0.713876
0.797344
0.860023
0.921808
0.780899
0.927242
0.896124
0.844473
0.962452
0.628853
0.774846
0.670584
0.741906
0.572495
0.553438
0.694820
0.866351
0.764161
0.826962
0.848031
0.841244
0.988807
0.891080
0.638065
0.920887
0.681937
0.624472
0.656522
0.735585
0.937294
0.726843
0.765903
0.660648
0.625226
0.746138
0.810028
0.918138
0.631321
0.971584
0.644656
0.627846
0.758837
0.721578
0.870908
0.969997
0.616782
0.844999
0.820051
0.924672
0.770236
0.657207
0.806665
0.853618
0.746401
0.844275
1.045245
0.816737
0.831908
0.861404
0.743980
0.838243
0.767771
0.780420
0.736151
0.680397
0.863388
0.796269
0.753263
0.721989
0.825136
0.727634
0.844925
0.625897
0.822625
0.818563
0.744387
0.853307
0.752911
0.646857
0.817677
0.753406
0.802267
0.709973
0.579720
1.106473
0.846168
0.965764
0.849090
0.774205
0.913996
0.830723
0.534255
0.737691
0.754447
0.684441
0.662989
0.959620
0.772808
0.808822
0.691291
0.726230
0.519802
0.725605
0.830126
0.787738
0.879773
0.700239
1.099045
0.915577
0.648444
0.888718
0.706708
0.572932
0.822519
0.726139
0.757071
0.849172
0.793229
0.891997
0.643300
0.838798
0.619604
0.965886
0.924955
0.706710
0.751910
0.826355
0.749582
0.744670
0.739452
0.632058
0.972553
0.770381
0.764474
0.696260
0.936904
0.662322
0.591863
0.846971
0.781055
0.698869
0.799165
0.827073
0.763348
0.803989
0.990972
0.599776
0.800312
0.633134
0.836286
0.886505
0.807207
0.865176
0.960575
0.688290
0.794109
0.560018
0.675778
0.870310
0.704782
0.753833
0.743216
0.877605
0.866213
0.724068
0.833093
0.746277
0.719441
0.975143
0.834282
0.780092
0.932830
0.685422
1.040462
0.618764
0.592904
0.843897
0.798859
0.720024
0.902017
0.785985
0.829892
0.739217
0.691128
0.763565
0.801703
0.524574
0.819805
0.636855
0.789332
0.637140
0.644158
0.608939
0.825046
0.966143
0.696400
0.668448
0.912326
0.679615
1.026907
0.861924
0.826739
0.856790
0.779895
0.815682
0.886832
0.518692
0.972423
0.887892
0.652927
0.793155
0.846369
0.873466
0.900545
1.052305
0.627089
0.874425
0.565282
0.968116
0.773576
0.966268
0.873939
0.783224
0.802955
0.704128
0.613652
1.026258
0.774226
0.806993
0.824263
0.674010
0.849919
0.931592
0.919748
0.883355
0.808255
0.700062
0.763653
0.794258
0.674876
0.734888
0.772224
0.651783
0.878249
0.753895
0.666382
0.702334
0.923732
0.586402
0.607584
0.538655
0.791072
0.799510
0.882660
0.953197
0.686114
0.806316
0.584810
0.758429
1.079898
0.754545
0.830278
0.566436
0.688269
0.916095
0.779456
0.795216
0.820497
0.603414
0.671456
0.718349
0.827412
0.752416
0.696073
0.853661
0.881328
0.764934
0.915418
0.674297
0.730372
0.711110
0.656317
0.797050
0.675708
0.649946
0.657046
0.598371
0.881115
0.796074
0.609606
0.641138
0.648995
0.888952
0.884899
0.602641
0.864412
0.787527
0.952662
0.759837
1.031679
0.806400
0.773474
1.246433
0.616739
0.999391
0.728737
0.865651
0.903725
0.678432
0.716877
0.808895
0.806423
0.571908
0.616773
0.684901
0.753055
0.849160
0.665279
0.828481
0.685100
0.663093
0.669571
0.924894
0.698804
0.797808
0.823187
0.885350
1.004776
0.672581
0.713592
0.825657
0.930728
0.545983
0.843063
0.688233
0.866584
0.767740
0.637748
0.795830
0.803302
0.908079
0.883517
0.859357
0.906791
0.665464
0.685277
0.804801
0.750724
0.710621
0.533206
0.886727
0.858494
0.832324
0.725130
0.976151
0.620975
0.722628
0.627632
0.707989
0.643158
0.844991
0.685458
0.757863
0.924175
0.691348
1.005906
0.997998
1.128344
0.650514
0.935983
0.816090
0.706050
0.747517
0.841073
0.975560
0.573052
0.793670
0.911512
0.766428
0.683935
0.934445
0.620157
0.833120
0.570031
0.657618
0.724049
0.769457
0.542049
0.678314
0.698838
0.724803
0.831635
0.870912
0.980464
0.984462
0.720261
0.855101
0.862384
0.929762
0.781760
0.834949
0.804946
0.874111
0.780958
0.577023
0.758498
0.709452
0.759366
0.796372
0.736909
0.731501
0.955199
0.691069
0.710727
0.798381
0.925447
0.683308
0.874321
0.863428
0.702286
0.874258
0.741053
0.561730
0.678723
0.793610
0.782478
0.792919
0.778830
0.762573
0.829753
0.925909
0.620590
0.882538
0.696586
0.841589
0.805188
0.936905
0.859451
0.743362
0.870948
0.844552
0.694624
0.906158
0.789456
0.840142
0.752725
0.766011
0.646783
0.768876
0.996389
0.838045
0.851064
0.974415
0.727330
0.872128
0.793823
0.666902
1.186664
0.880995
0.689234
0.771152
0.710058
0.679298
0.863934
0.581232
0.674690
0.671078
0.790948
0.937129
0.849379
0.818850
0.921369
0.797149
0.790560
0.729152
0.776241
0.662307
0.665875
0.774008
0.764859
0.810367
0.583372
0.777738
0.863934
0.739366
0.710765
0.579743
0.834328
0.648744
0.830574
1.001716
0.998250
0.829483
0.805043
0.695438
1.216849
0.950589
0.726883
0.882176
1.004241
0.621988
0.776240
0.784245
0.683020
0.781287
0.829885
0.960861
1.004717
0.690322
0.726838
0.768693
0.761395
0.962639
0.656677
1.021344
1.033704
0.799861
0.742310
0.701889
0.863724
0.707055
0.584872
0.693089
0.783615
0.682181
1.089895
0.689418
0.832199
0.544739
0.503680
0.797485
0.915977
0.689607
0.730684
0.795711
0.818584
0.824884
0.786340
0.653982
0.857976
0.894080
0.971388
0.814990
0.652246
0.644673
0.845239
0.664968
0.864269
0.637439
1.030541
0.935946
0.563880
0.798833
0.701565
0.955478
1.095448
0.809811
0.841476
0.831051
0.815381
0.703578
0.904079
0.739742
0.675162
0.699021
0.968011
0.797182
0.818506
0.773906
0.823627
1.028952
0.700136
0.883115
0.883619
0.610833
0.913377
0.863663
0.945175
0.864659
0.593022
0.835260
0.863309
0.699100
0.749316
0.953599
0.945390
0.767207
0.720309
1.074958
0.637477
0.691579
0.811209
0.953023
0.545654
0.773255
0.836764
0.863142
0.837614
0.922710
0.854676
0.760912
0.535783
0.785350
0.937804
0.841331
0.879001
0.919864
0.801211
0.728591
0.959586
0.766952
0.662794
0.725244
0.857986
0.798827
0.984672
0.554239
0.708580
0.648559
0.766497
0.662835
0.831598
0.883311
0.700131
0.787109
0.876481
0.910973
0.763596
0.759112
0.723708
0.733210
0.794022
0.773234
0.588802
0.667147
0.680387
0.809680
0.568465
0.812267
0.845623
0.832330
0.691592
0.902640
0.786186
0.805586
0.669691
0.650630
0.589614
0.699079
0.624122
0.942075
0.593696
0.879740
0.809057
0.721183
0.664693
0.704488
0.718829
0.917421
1.001433
0.992798
0.653296
0.906669
0.714020
0.731062
1.111165
0.664306
0.763314
0.548963
0.803587
0.800427
0.811597
0.872924
0.819865
0.649486
0.788114
0.861443
0.885496
0.858692
0.655291
0.744714
0.689434
0.910361
0.801447
0.787857
0.678077
0.933051
0.578897
0.752970
0.836781
0.685483
0.904752
0.765032
0.909860
0.657991
0.719906
0.868386
0.682574
0.941177
0.746176
0.865642
0.621383
0.671795
0.919473
0.609483
0.809278
0.654325
0.683332
0.623996
0.737188
0.794788
0.733357
0.618953
0.792695
0.741868
0.774445
0.945134
0.858128
1.034181
0.812168
0.998080
0.869462
0.553722
0.537980
0.869963
0.725297
0.847497
0.496969
1.068529
0.628947
0.691531
0.571269
0.980563
0.607305
0.775742
0.707909
0.724250
0.699972
0.707219
0.611535
0.746454
0.917735
0.665830
0.769513
0.863646
0.811781
0.808895
0.683139
1.051613
0.630893
0.725520
0.703780
0.587315
0.693086
0.699050
0.688066
0.641166
0.622124
0.660509
0.963007
0.950768
0.863069
0.875228
0.633115
0.698622
0.883230
0.700619
0.740375
0.812909
0.757604
0.805707
0.807292
0.770255
0.793510
0.847048
0.877023
0.828770
1.000554
0.821326
0.805960
0.788233
0.733506
0.656146
0.790367
0.647344
0.941786
0.705445
0.753309
0.963106
0.863577
0.766942
0.823712
0.836049
0.899910
0.529486
0.983114
0.772655
0.553174
0.857798
0.787271
0.654991
0.605734
0.725340
0.828580
0.872076
0.884138
0.605603
0.778568
0.587459
0.669327
0.649165
0.714762
1.008727
0.656595
0.658927
0.971223
0.828731
0.881488
0.816771
0.840704
0.603285
0.933228
0.864559
0.793869
0.838070
0.678256
0.671593
0.694422
0.811405
0.851856
0.816485
0.924324
0.894483
0.753014
0.926449
0.636444
0.903083
0.726207
0.958624
0.953722
0.971936
0.666426
0.874897
0.744586
0.925265
0.794853
0.616039
0.676724
0.836658
1.097621
0.694425
0.772743
0.896460
0.652720
1.037593
0.727465
0.793648
0.783331
0.637996
0.636373
1.059298
0.740359
0.703887
0.931276
0.874666
0.845662
0.825506
0.932756
0.679516
0.847684
0.875099
1.012980
0.667927
0.771584
0.657652
0.642189
0.763063
1.023367
0.784182
0.846547
0.787007
0.830462
0.811290
0.857281
0.825531
0.899009
0.932441
0.809313
0.926150
0.885736
1.115768
1.108142
0.870958
0.751658
0.870772
0.825798
1.041424
0.947516
0.610254
0.642754
0.827248
0.801166
0.657552
0.977425
0.665443
0.938106
0.715047
0.726331
0.661720
0.769643
0.737976
0.638167
0.834928
0.853469
0.930954
0.826018
0.634622
0.743828
0.872421
0.577719
0.847579
0.908290
0.881651
0.778434
0.753339
0.797536
0.868969
0.889464
0.752775
0.749690
0.760835
0.757870
0.973074
0.843206
0.691830
0.757806
0.728829
0.695770
0.584321
1.004423
0.929404
0.720331
0.823690
0.792040
0.739834
0.829117
0.762769
0.631067
1.069751
1.067399
0.866956
0.661484
0.853819
0.497368
0.755508
0.596462
0.613097
0.683294
0.739543
0.822392
0.815589
0.690755
0.822882
0.794668
0.795816
0.842530
0.666060
0.737108
0.845460
0.631424
0.779179
0.583102
0.642803
0.707908
0.885795
0.664772
0.919882
0.764002
0.668949
0.759640
0.663866
0.714326
0.797217
0.731326
0.566423
0.967902
0.700200
0.665714
1.010460
0.765866
0.731592
0.887662
0.975840
0.990184
0.901697
0.847035
0.880045
0.678580
1.146065
0.645776
0.797991
0.867880
0.846469
0.752753
0.629760
0.719167
0.745162
0.633501
0.769041
0.664820
0.798630
0.754814
0.746373
0.903359
0.670482
0.637693
0.748487
0.579436
0.803196
0.846516
0.615222
0.540985
0.557237
0.830079
0.893936
0.961141
0.949507
0.901684
0.791913
1.033640
0.796760
0.861819
0.664846
0.768070
0.674677
0.927510
0.783930
0.795555
0.620959
0.760173
0.987659
0.561963
0.942605
1.026135
0.977220
0.644278
0.876335
0.859346
0.918435
0.935308
0.586869
0.852194
0.694240
0.993728
0.667112
0.828969
0.795554
0.687064
0.778045
0.748016
0.662167
0.937097
0.676284
0.783010
0.732387
0.549365
0.838819
0.746594
0.899213
0.803197
0.570466
0.745171
0.928571
0.730155
0.839114
0.991971
0.762018
0.803777
0.863584
0.899797
0.842327
0.868035
0.783131
0.600103
0.649184
0.779089
1.003295
0.722855
0.735775
0.814692
0.780904
0.640280
0.546933
0.654791
0.605271
0.685613
0.882941
0.779684
0.865480
0.746725
0.575464
0.981712
0.848457
0.513831
0.898194
0.532998
0.847385
0.981958
0.826427
0.843332
0.522981
0.820089
0.765130
0.859340
0.859675
0.658660
0.629595
0.698233
1.011693
0.927414
0.982420
0.720539
0.763880
0.757970
0.800287
0.718662
0.899226
0.939827
0.780892
0.798695
0.888108
0.765484
0.831904
0.666170
0.940122
0.712233
0.722632
0.710818
0.794438
0.877913
0.677578
0.692238
0.850402
0.969034
0.664312
0.778799
0.809438
0.893648
0.756717
0.929115
0.647268
1.098093
0.907973
1.071992
0.667265
0.729254
0.970698
0.805672
0.773936
0.665090
0.805845
0.636451
1.144142
0.646773
0.905759
0.753735
0.768003
0.981787
0.896241
0.885098
0.676883
0.806228
0.515774
0.615788
0.879316
0.674007
0.605748
0.913374
0.603604
0.680273
0.613667
0.820498
0.851524
0.809009
0.836079
0.804196
0.707932
0.967015
0.774069
0.746545
0.691469
0.820898
0.828616
0.752018
0.850418
1.039805
1.031546
0.854762
0.723224
0.833923
0.708196
0.699740
0.854867
0.825117
0.946260
0.651472
0.706413
1.028039
0.746377
0.792317
0.837023
0.918800
0.729081
0.967009
0.584096
0.753576
0.639941
0.832853
0.860775
0.824446
0.710036
0.784501
1.115587
0.859110
0.990432
0.661993
1.028218
0.628596
0.775248
0.953017
1.013795
0.607352
0.802042
1.027635
0.901966
0.760113
0.892005
0.920164
0.796330
0.780178
0.891772
0.802336
0.811984
0.733838
0.784088
0.796847
0.729529
0.832387
0.955962
0.654929
0.608961
0.597739
0.845461
0.594064
0.649976
0.986473
1.059534
0.868886
0.691508
0.845137
0.704376
0.667993
0.731336
0.755098
0.750882
0.761860
0.806396
0.656507
0.983765
0.570408
0.735005
0.697257
0.836856
0.862180
0.896811
0.707808
0.689963
0.887021
0.875634
0.830946
0.872299
1.003034
0.877394
1.162508
0.916341
0.521456
0.654236
0.777353
0.800738
0.737408
0.739286
0.832982
1.009308
0.804724
0.794134
1.088209
0.884813
1.103259
0.747060
0.737726
0.786207
0.819655
0.655644
0.568159
0.666093
0.728896
0.918670
0.584232
0.947511
0.706461
0.675355
0.685212
0.726511
0.882865
0.847537
0.809173
1.064433
0.806998
0.931209
0.886593
0.870057
0.635480
0.813685
0.762071
0.890643
0.637104
0.807317
0.836922
0.741867
0.784172
0.643493
1.034180
0.731598
0.755869
0.813218
0.945359
0.735056
0.803795
0.728129
0.622524
0.937198
0.991036
0.600831
0.837468
0.880748
0.683978
0.732441
0.936442
0.640049
0.888755
1.062694
0.927471
0.656729
1.041435
0.668779
0.819370
0.609033
0.650186
0.732443
0.668101
0.731499
0.784262
0.895430
0.680092
0.743222
0.723759
0.760614
0.583776
0.622768
0.703635
0.728756
1.034281
0.731889
0.964072
0.837963
0.903306
0.986302
0.698858
0.571379
0.614280
0.749613
0.810041
0.752535
0.822138
0.549779
0.577899
0.601188
0.931600
0.685388
0.799905
0.935991
0.764182
0.600507
0.815453
0.793199
0.865765
0.781713
0.643278
0.680563
0.945610
0.702212
0.642308
0.892696
0.769766
0.741623
0.735290
0.972988
0.851562
0.910294
0.736745
0.655614
0.785965
0.727270
0.823140
0.716259
0.773484
0.556426
0.639098
0.767348
0.807131
0.772601
1.052450
0.658104
0.940630
0.599526
0.865928
0.643382
0.793043
1.021749
0.643584
0.620935
0.876372
0.828768
0.621829
0.631360
0.835726
0.867539
0.774929
0.658210
0.866566
0.879447
0.903692
0.526804
0.778043
0.576981
0.849555
0.740737
0.942167
0.834844
0.848883
0.816849
0.693557
0.617263
0.769636
0.837630
0.900474
0.969982
0.846303
0.751976
0.817974
0.537084
0.710323
0.683788
0.812103
0.911082
0.552458
0.770320
0.812246
0.573269
0.672263
0.901686
0.755443
0.822470
0.804729
0.670268
0.787391
0.856148
0.813860
0.767744
0.668908
0.692428
0.693920
0.603591
0.740504
0.699886
0.848381
0.751298
0.808217
0.749989
0.846907
0.812494
0.665369
0.826919
0.751546
1.005636
0.893504
0.894117
0.873111
0.718649
0.712686
0.959608
1.003249
0.873386
0.923564
0.813263
0.838783
0.825740
0.769483
0.592698
0.632618
0.653707
0.686162
0.935279
0.732339
0.719963
0.737699
0.951213
0.610093
0.616123
0.692121
0.863237
0.621824
0.700631
0.839077
0.649011
0.816537
0.624775
0.744040
0.807005
0.842103
0.781381
0.826938
0.828647
0.799668
0.755911
0.870903
0.562116
0.670190
0.985154
0.922444
0.601515
0.681914
0.594853
0.520634
0.699143
0.609902
0.753673
0.759700
0.854671
0.539085
0.761569
0.869335
0.610196
0.839284
0.827643
1.054579
0.606174
0.686417
0.703089
0.968311
0.722407
0.537356
0.585542
0.912649
0.625842
0.842752
0.709860
0.888664
0.650765
0.733312
0.870843
0.730374
0.708558
0.678261
0.793703
0.629514
0.977815
0.911091
0.745663
0.839178
0.744134
0.614107
0.815680
0.805500
0.880230
0.658213
0.546903
0.801679
0.879611
0.877756
0.708637
0.685419
0.704241
0.782822
0.949229
0.862877
0.915355
0.775283
0.924621
0.623904
0.602719
1.061457
0.689560
0.848118
0.556481
0.706451
0.580675
0.771736
0.797757
0.779992
0.729052
0.776669
0.622547
0.887929
0.784765
0.605760
0.788387
0.824545
0.549916
1.018351
0.589980
0.756410
0.804317
0.465105
0.872835
0.908068
0.766080
0.670463
0.672927
0.747072
0.568166
0.613946
0.761106
0.677154
0.710735
0.784387
0.945278
0.781275
0.721274
0.730453
0.884947
0.805771
0.499995
0.544558
0.985191
0.887995
0.807450
0.907269
0.932285
0.823135
0.508580
0.544105
0.774017
0.560327
0.712589
0.849133
1.101701
0.622841
0.525568
0.778862
0.639741
0.662751
0.688292
0.649252
0.712839
0.631589
0.720145
0.917122
0.683094
0.800972
0.715830
0.729784
0.806698
0.786902
0.603353
0.860474
0.673459
0.614926
0.628976
0.630792
0.800840
0.754175
1.016162
0.893780
0.729836
0.937896
0.743941
0.745283
0.833180
0.677862
0.789634
0.839609
0.992455
0.750190
0.780574
0.795684
0.761121
0.889712
0.999178
0.719574
0.665848
0.721950
0.875142
0.612050
0.856445
0.566630
0.654926
0.827923
0.731322
0.675296
0.734351
0.681596
0.620695
0.809393
0.800229
0.936896
0.625143
0.742681
0.812551
0.531238
0.645652
0.911428
0.646243
0.902254
0.840514
0.819068
0.751940
0.886235
0.726041
0.747561
0.775306
0.787285
0.717532
0.625032
0.838584
0.701614
0.600737
1.058602
0.617348
0.693222
0.888684
0.978350
0.782631
0.903403
1.046006
0.574566
0.747559
0.718434
0.856451
0.656390
0.876583
1.014975
0.691096
0.925902
0.853937
0.757746
0.644343
0.748414
0.779922
0.647770
0.648063
0.651557
0.851686
0.702046
0.661915
0.992661
0.587799
0.844226
0.706415
0.945245
0.980614
0.775461
0.701649
0.957690
0.562493
0.688273
0.625885
0.774438
0.789409
0.680714
0.825918
0.721982
0.717411
0.830693
0.750602
0.725596
0.808070
0.656018
0.735326
0.777412
0.784499
0.635714
0.850567
0.678829
0.898089
0.694168
0.853220
0.727880
0.691200
0.656746
0.769085
0.799939
0.656114
0.615115
0.885698
0.880372
0.589049
0.930085
0.744577
0.833402
0.751300
0.888417
0.774274
0.795305
0.824854
0.712462
0.878731
0.948259
0.763521
0.634055
0.590410
0.674919
0.961081
0.990451
0.979522
0.699678
0.815632
0.665988
0.636002
0.699743
0.628999
0.780168
0.982525
0.645305
0.882259
0.669675
0.815073
0.712784
0.771547
0.969723
0.804841
0.843010
0.914420
0.675953
0.780006
0.814602
0.601714
0.713418
0.659603
0.541686
0.822450
0.881873
0.598177
0.797745
0.836831
0.674564
0.760563
0.979764
0.499819
0.954210
0.961613
0.766461
0.765755
0.570316
0.729481
0.798130
0.627563
0.790790
0.792746
0.861479
0.766750
0.825376
0.919151
1.054788
0.813672
0.618585
0.841692
0.768011
0.755587
0.769724
0.690512
0.744042
0.703824
0.639197
0.799267
0.900882
0.865712
0.801833
0.609750
0.672198
0.751891
0.640288
0.777843
0.793996
0.742331
0.850963
0.888956
0.762734
0.644899
0.764396
0.591632
0.636257
0.801222
0.739004
0.757147
0.938543
0.834167
0.724881
0.466271
0.809783
0.683492
0.831602
0.625279
0.707906
0.682523
0.614074
0.748054
0.725448
0.916754
0.661543
0.804771
0.670371
0.809693
0.777816
0.783230
0.885152
0.596387
0.673289
0.930756
0.820429
0.857828
0.757157
0.819360
0.788804
0.765148
0.738712
0.778326
0.853337
0.783695
0.771041
0.626745
0.745593
0.643922
0.754481
0.790659
0.690630
0.716083
1.001518
0.926946
0.787436
0.671146
0.684742
0.854264
0.899497
0.657146
0.640172
0.641753
0.787586
0.882767
0.634783
0.538843
0.895650
0.749538
0.653136
0.844598
0.793643
0.738358
0.798343
0.817006
0.895385
1.005818
0.855083
0.842561
0.668524
0.731032
0.978800
0.651430
0.751244
0.763129
0.710941
0.649867
0.847258
0.675585
0.765005
0.601794
0.830406
0.820794
0.867801
0.789129
0.611081
0.646734
0.931876
0.889321
0.765667
0.728384
0.752064
0.987882
0.890380
0.878084
0.862075
0.798469
0.857202
0.743069
0.704715
0.744929
0.838765
0.874700
0.611388
0.777531
0.733153
0.923256
0.928258
0.688213
0.634194
0.921709
0.692920
0.919095
0.904683
0.873242
0.616100
0.871989
0.712659
0.702236
0.717103
0.751387
0.872227
0.843177
0.847801
0.858019
0.889194
0.635496
0.720991
0.545491
0.725815
0.603487
0.813609
0.672214
0.997155
0.986392
0.719800
0.732696
0.727517
0.612554
0.533033
0.927753
0.774707
0.767613
0.965285
0.606055
0.871016
0.856238
0.822087
0.591533
0.765704
0.885604
0.803543
0.710754
0.925187
0.967068
0.784593
0.812431
0.649536
0.578875
1.007852
0.826360
0.778254
0.587075
0.652026
0.710859
0.589647
0.848540
0.475312
0.768854
0.825374
0.723839
0.790161
0.743683
0.714534
0.850422
0.677973
0.705705
0.932204
0.697941
0.900415
0.726227
0.846553
0.684469
0.720979
0.910191
0.670089
0.583445
0.661849
0.999920
0.996165
0.654897
1.091985
0.815354
0.691304
0.856107
0.841856
0.861520
0.766412
0.492086
0.789654
0.950284
0.650518
1.085637
0.796968
0.991969
0.842332
0.726045
0.912542
0.557905
0.706236
0.707343
1.025994
0.830606
0.921816
0.858373
0.921887
0.671851
1.009873
0.994775
0.745128
0.774736
0.716020
0.615391
0.920606
0.886672
0.735408
0.745390
0.776287
0.673066
0.837491
0.579333
0.874704
0.867963
0.942811
0.824628
0.994151
1.036074
0.725005
0.552944
0.825923
0.941596
0.668054
0.818261
0.724916
0.679706
0.883098
0.673297
0.718220
0.586493
0.688157
1.050340
0.730150
0.877422
0.538807
0.785369
0.813919
0.866290
0.624026
0.755836
0.864312
0.883485
0.708858
0.799360
0.830211
0.944077
0.656398
0.826169
0.953896
0.859642
0.924797
0.772227
1.080499
0.664450
0.746294
0.900401
0.679250
0.857827
0.889197
0.819275
0.605558
0.944396
0.854445
0.711225
0.843924
0.743285
0.919023
0.781735
0.727338
0.618130
0.876694
0.640854
0.738681
0.811722
0.694087
0.518806
1.066355
0.669206
0.626927
0.773909
0.939807
0.859072
0.938187
0.564393
0.718454
0.763617
0.971148
0.694854
0.827341
0.914921
0.803803
0.869770
0.747952
0.769534
0.922877
0.781298
0.726677
0.947578
0.776250
0.937121
0.997314
0.664035
0.667358
0.630599
0.697608
0.705482
0.705539
0.683662
0.677220
0.897231
0.735894
0.771261
0.720846
0.729277
0.754117
0.667828
0.761041
0.680584
0.886444
0.612315
0.766063
0.678567
0.761194
0.619158
0.834649
0.749369
0.995056
0.714792
0.916841
0.968579
0.957725
0.753954
0.619280
0.683684
0.796446
0.659481
0.618615
0.604751
0.879851
0.810900
0.880716
0.890315
0.931436
0.928163
0.733398
0.901064
0.541633
0.739378
0.640664
0.853606
0.726211
0.750447
0.607459
0.718524
1.031347
0.838731
0.726543
1.003079
0.844258
0.904635
1.015273
0.899533
0.588792
1.031163
0.839482
0.876140
0.654243
0.712446
0.983615
0.689761
0.736433
0.729713
0.835444
0.751372
0.795582
0.730191
0.948570
0.563088
0.839699
0.510909
0.532910
0.885921
0.832425
0.752674
0.737231
0.678961
0.842376
0.657042
0.911475
0.915025
0.829148
0.573033
0.798824
0.638853
0.989504
0.866432
0.879425
0.845239
0.865766
0.793352
0.716920
0.910242
0.734094
0.704743
0.962767
0.677316
0.611775
0.916709
0.992105
0.778455
0.974636
0.703175
0.778727
0.829032
0.927115
0.728837
0.700129
0.751664
0.646840
0.801789
0.529892
0.911625
0.681669
0.802355
0.607157
0.968327
0.547612
0.648158
0.945260
0.830181
0.811777
0.640506
0.749085
0.659695
0.831627
0.844202
0.763550
0.832736
0.770937
0.849227
0.683615
0.604910
0.812319
0.859645
0.979824
0.769997
0.754726
0.780215
0.712920
0.948563
0.646165
0.728551
0.712849
1.052428
0.773078
0.660908
0.591202
0.992733
0.728160
0.753967
0.932937
0.798084
0.572898
0.719910
0.853624
0.729645
0.574896
0.867645
0.890422
0.651939
1.019567
0.949842
0.672849
0.736999
0.632832
0.784479
0.749875
0.676575
0.856488
0.821269
0.680676
1.001416
0.921561
0.687927
0.626892
0.936196
0.773091
0.763722
0.852290
0.893807
0.870341
0.804140
0.601300
0.714178
0.928450
0.866893
0.895436
0.958490
0.811690
0.610580
0.733839
0.762579
0.498071
0.741365
0.579992
0.667476
0.537260
0.549147
0.744051
0.740947
0.654911
0.697694
0.759921
0.845589
0.787574
0.749430
0.720216
0.798354
0.592654
0.812631
0.714968
0.747108
0.733385
0.753546
0.787524
0.751391
0.657743
0.766450
0.772405
0.999619
0.593668
0.854502
0.536550
0.702415
0.991363
0.862353
0.679300
0.729373
0.923713
0.587839
0.796887
0.679258
0.968498
0.774484
0.828507
0.832191
0.972528
0.713167
0.737401
1.055108
0.796740
0.754353
0.846899
0.764907
0.557407
0.837206
0.783312
0.625993
0.903453
0.812725
0.775063
0.808958
0.691563
0.917208
0.771515
0.751459
0.815389
0.806711
0.697556
0.718111
0.688503
0.878970
0.863125
0.739401
1.037873
0.796005
0.807118
0.953032
0.616617
0.642577
0.814688
0.750742
0.774211
0.604978
0.905584
0.727278
0.854499
0.674515
0.634031
0.894569
0.929640
0.522902
0.737781
0.905879
0.851388
0.833521
1.048308
0.845534
0.725472
0.621348
0.649195
0.768327
0.623599
0.774517
0.682203
0.811462
0.650059
0.822208
0.786032
0.496869
0.538156
0.720954
0.723802
0.758668
0.760811
0.854749
0.657548
0.713512
0.917047
0.634785
0.675338
0.932057
0.639219
0.789366
0.768235
0.742059
0.922476
0.868803
0.798372
0.784217
0.906067
0.679925
0.612892
0.615530
0.774740
0.851929
0.999392
0.734190
0.556882
0.803703
0.540237
0.841433
0.919541
0.770569
0.811870
0.677442
0.596121
0.551000
1.118210
0.671293
0.691065
0.666106
0.999000
0.730663
0.752995
0.755042
0.753974
0.471877
0.921662
0.806462
0.713419
0.790198
0.773147
0.686240
0.669016
0.521513
0.718256
0.898635
0.852841
0.799105
0.636839
0.913056
0.782524
0.836995
0.519975
0.638964
0.818588
0.676875
0.957948
0.995808
0.691774
0.577636
0.625333
0.835183
0.659013
0.844369
0.722334
1.068872
0.733427
1.019921
1.016858
0.894214
0.810183
0.619480
0.674582
0.766411
0.752497
0.630465
0.720574
0.700147
0.517790
0.844153
0.653176
0.782090
0.513522
0.632170
0.811729
